0 0.76171875 0.38789062 0.07656250 0.05703125
0 0.70156250 0.42695312 0.05312500 0.05078125
0 0.64218750 0.50859375 0.05312500 0.06718750
0 0.74843750 0.52226562 0.06250000 0.05703125
0 0.57929688 0.56718750 0.04921875 0.05312500
0 0.71757812 0.58828125 0.06015625 0.06718750
0 0.39414063 0.61171875 0.05703125 0.08906250
0 0.64179688 0.70000000 0.04921875 0.07812500
0 0.54960937 0.73476562 0.07421875 0.06015625
0 0.52656250 0.26445313 0.06250000 0.09140625
0 0.75820312 0.28320312 0.05078125 0.05078125
0 0.66953125 0.28632812 0.04531250 0.05078125
0 0.61601562 0.79726562 0.05703125 0.07578125
0 0.47656250 0.29804687 0.05312500 0.07421875
0 0.53789062 0.45312500 0.04140625 0.05625000
