0 0.44921875 0.37539062 0.04531250 0.03828125
0 0.21992187 0.44296875 0.07421875 0.08281250
0 0.12304688 0.46171875 0.04296875 0.07656250
0 0.49609375 0.48789063 0.04531250 0.05703125
0 0.52968750 0.73007813 0.05312500 0.05703125
0 0.49726562 0.78515625 0.03828125 0.06718750
0 0.61835938 0.84140625 0.07421875 0.07031250
0 0.40195313 0.88828125 0.05078125 0.08281250
0 0.42578125 0.16601562 0.05781250 0.05078125
0 0.33984375 0.17617188 0.07968750 0.11171875
0 0.09726562 0.26171875 0.06015625 0.08281250
