0 0.63632813 0.29140625 0.01953125 0.01718750
0 0.70117188 0.31992188 0.01171875 0.01171875
0 0.22187500 0.36367187 0.03437500 0.02421875
0 0.28203125 0.32617188 0.04531250 0.02109375
0 0.46484375 0.52968750 0.01406250 0.01250000
0 0.44609375 0.62304688 0.01093750 0.01171875
0 0.23671875 0.61601562 0.01406250 0.01328125
0 0.40898438 0.89687500 0.01796875 0.01562500
0 0.64140625 0.81757813 0.01718750 0.01328125
0 0.71718750 0.59726563 0.03437500 0.01015625
0 0.78203125 0.56054688 0.01406250 0.01484375
