0 0.48984375 0.42460938 0.05156250 0.03359375
0 0.40898438 0.43593750 0.07421875 0.02187500
0 0.31601563 0.47617188 0.04140625 0.01796875
0 0.32968750 0.51445312 0.02500000 0.01953125
0 0.36093750 0.49492188 0.06562500 0.01484375
0 0.48046875 0.46679688 0.08281250 0.02734375
0 0.65000000 0.60273438 0.02500000 0.02734375
0 0.54804688 0.70351562 0.02734375 0.01640625
0 0.35468750 0.54375000 0.01562500 0.01875000
0 0.32343750 0.55117187 0.03125000 0.02421875
0 0.34648438 0.57031250 0.04296875 0.01875000
0 0.48593750 0.48945312 0.04687500 0.01640625
0 0.64609375 0.75273437 0.06093750 0.02421875
0 0.34101562 0.69492188 0.03203125 0.02109375
0 0.62968750 0.47812500 0.01562500 0.01250000
0 0.50039062 0.82812500 0.01640625 0.01875000
0 0.26992187 0.51992187 0.02109375 0.01796875
0 0.54687500 0.47382812 0.03437500 0.02890625
0 0.41914062 0.47148438 0.02578125 0.02109375
