0 0.63984375 0.43867187 0.07968750 0.05859375
0 0.59062500 0.45976563 0.01875000 0.01015625
0 0.34023437 0.45156250 0.06484375 0.05000000
0 0.51875000 0.80898437 0.03437500 0.02734375
0 0.39765625 0.72500000 0.02656250 0.03125000
3 0.39414063 0.65937500 0.07265625 0.03437500
3 0.60859375 0.65976563 0.05156250 0.05078125
0 0.54609375 0.63359375 0.03281250 0.03593750
0 0.53398437 0.44687500 0.01484375 0.01250000
0 0.49570313 0.47695312 0.01328125 0.01328125
0 0.58515625 0.48906250 0.02656250 0.01875000
0 0.52890625 0.57734375 0.02031250 0.03281250
0 0.45820312 0.69960937 0.01328125 0.00859375
