1 0.37046875 0.23248359 0.07531250 0.04309219
1 0.59222266 0.34335547 0.02194531 0.05546094
1 0.63449219 0.34265625 0.00648437 0.04468750
1 0.51595547 0.31678125 0.08816094 0.01168750
1 0.58254844 0.30674922 0.04634687 0.01974844
1 0.67538984 0.31693359 0.05390469 0.00886719
1 0.74983438 0.34862656 0.05591875 0.05037812
1 0.44497422 0.30740000 0.14307344 0.03667500
1 0.57358281 0.29730859 0.42216562 0.07899219
1 0.58335938 0.27799766 0.42921875 0.10599531
1 0.40396484 0.29267266 0.06417969 0.02597031
