1 0.47382812 0.72851562 0.12265625 0.12890625
0 0.19960938 0.25234375 0.08359375 0.06093750
0 0.19648437 0.30859375 0.03984375 0.03593750
0 0.11640625 0.32148437 0.04531250 0.04296875
0 0.08476562 0.15703125 0.03828125 0.01718750
0 0.12578125 0.16875000 0.04843750 0.02187500
0 0.23593750 0.15273438 0.04062500 0.01796875
0 0.72148437 0.49453125 0.03046875 0.05781250
0 0.77500000 0.38437500 0.01875000 0.02500000
0 0.60507813 0.61132812 0.06953125 0.12265625
0 0.71289062 0.61171875 0.03515625 0.04531250
0 0.64023438 0.77578125 0.03359375 0.04218750
0 0.62617188 0.71015625 0.03359375 0.03906250
0 0.75429687 0.70156250 0.03984375 0.03750000
0 0.50078125 0.63906250 0.03281250 0.02500000
0 0.05859375 0.60820312 0.03281250 0.01640625
0 0.19531250 0.59296875 0.06875000 0.02968750
0 0.19492187 0.39687500 0.03359375 0.02500000
0 0.33984375 0.26054688 0.06406250 0.02734375
0 0.44648437 0.23281250 0.03671875 0.02500000
0 0.35429688 0.21718750 0.04921875 0.02812500
0 0.04726562 0.31757812 0.02265625 0.01640625
0 0.03750000 0.34960938 0.01562500 0.01796875
0 0.56562500 0.89609375 0.05312500 0.03593750
0 0.21835937 0.19921875 0.03984375 0.03593750
