1 0.58828125 0.35859375 0.12656250 0.02031250
0 0.60546875 0.35000000 0.02968750 0.01875000
0 0.61289063 0.36953125 0.04140625 0.02031250
0 0.42539063 0.41523437 0.03828125 0.02109375
0 0.47851562 0.36601563 0.03828125 0.02265625
0 0.35078125 0.38515625 0.03906250 0.04531250
0 0.34023437 0.64101562 0.02734375 0.02265625
0 0.35468750 0.61328125 0.02812500 0.01718750
0 0.31132813 0.67968750 0.02578125 0.02500000
0 0.32578125 0.58359375 0.02343750 0.02968750
3 0.33710937 0.61953125 0.07109375 0.07656250
0 0.61796875 0.66796875 0.02031250 0.01718750
0 0.53593750 0.76328125 0.02187500 0.01093750
0 0.41015625 0.81328125 0.01718750 0.03593750
0 0.54179687 0.85234375 0.03984375 0.01406250
0 0.84023437 0.58359375 0.02421875 0.02968750
0 0.79648438 0.58867187 0.01484375 0.01484375
0 0.78906250 0.61289063 0.03437500 0.02265625
0 0.75468750 0.61835938 0.05625000 0.02109375
0 0.74296875 0.64765625 0.03593750 0.03593750
0 0.75742188 0.69101563 0.04921875 0.02890625
0 0.72539062 0.68046875 0.01953125 0.02031250
0 0.70351562 0.60898438 0.04453125 0.02421875
0 0.66445312 0.61289063 0.02265625 0.01328125
0 0.67500000 0.66328125 0.02812500 0.01718750
3 0.71406250 0.63554687 0.13750000 0.03984375
1 0.56367188 0.61210937 0.03359375 0.03984375
