1 0.69257813 0.41718750 0.14765625 0.02187500
0 0.46210937 0.41875000 0.03046875 0.02500000
0 0.64296875 0.49804688 0.03906250 0.02109375
0 0.63515625 0.42148438 0.02656250 0.01796875
0 0.37539062 0.67734375 0.04140625 0.02968750
0 0.33789062 0.64335937 0.02265625 0.01171875
0 0.37265625 0.63007813 0.01718750 0.01015625
0 0.30195312 0.66757813 0.04453125 0.02265625
0 0.47460938 0.71132812 0.03359375 0.01640625
0 0.47304687 0.67421875 0.05859375 0.01406250
0 0.44570312 0.74687500 0.02890625 0.01875000
0 0.39140625 0.75585938 0.02656250 0.01796875
0 0.32734375 0.70546875 0.06093750 0.02656250
0 0.76054687 0.71015625 0.02421875 0.01406250
3 0.79453125 0.67968750 0.07343750 0.08125000
3 0.37539062 0.70078125 0.17265625 0.13906250
0 0.52148438 0.88476562 0.02421875 0.02265625
0 0.68984375 0.91171875 0.02656250 0.03281250
0 0.56718750 0.90195313 0.02187500 0.01953125
0 0.33281250 0.56718750 0.03125000 0.01250000
0 0.46914062 0.44921875 0.04140625 0.01406250
0 0.58320313 0.42773438 0.03203125 0.01796875
0 0.51132813 0.41093750 0.03828125 0.01562500
0 0.61289063 0.48828125 0.02265625 0.01718750
0 0.46406250 0.38710937 0.01562500 0.01484375
