1 0.19237266 0.07643281 0.07537031 0.01536563
1 0.30424688 0.10047187 0.14599375 0.01344375
1 0.25159531 0.16958047 0.12819063 0.01728594
1 0.34096328 0.20617813 0.02255156 0.11235625
1 0.20673203 0.11513672 0.07596406 0.01152344
1 0.30981094 0.23588984 0.00712187 0.07490469
1 0.34191406 0.30227891 0.03382813 0.00768281
1 0.32844453 0.14650859 0.03501406 0.00864219
1 0.29981016 0.02076875 0.27774531 0.03841250
1 0.37258984 0.15786016 0.03267969 0.00634531
1 0.24046641 0.61437109 0.07155781 0.19124219
1 0.23557578 0.62635547 0.03052656 0.10271094
1 0.43049453 0.59393516 0.07973906 0.16287031
1 0.44523047 0.63922656 0.02483594 0.09095312
