0 0.36562500 0.32851562 0.03125000 0.02265625
0 0.38203125 0.28281250 0.03906250 0.02187500
0 0.56835938 0.36406250 0.02421875 0.02812500
0 0.53281250 0.32500000 0.03125000 0.01875000
0 0.57500000 0.30664062 0.09375000 0.04140625
0 0.66210938 0.29414062 0.08046875 0.02578125
0 0.50039062 0.37500000 0.03828125 0.02187500
0 0.45156250 0.37695312 0.06250000 0.03515625
0 0.53281250 0.41093750 0.06250000 0.03125000
0 0.53164062 0.43281250 0.03203125 0.01875000
0 0.31914063 0.67109375 0.03515625 0.02656250
0 0.24218750 0.58281250 0.04687500 0.03437500
0 0.74492187 0.68515625 0.02109375 0.02031250
0 0.62929687 0.90117187 0.03671875 0.02421875
0 0.33437500 0.82031250 0.03125000 0.01875000
0 0.60703125 0.94335938 0.02656250 0.02109375
0 0.46640625 0.24218750 0.02031250 0.01875000
0 0.46289062 0.30859375 0.02578125 0.01406250
0 0.81015625 0.37187500 0.01718750 0.01875000
