1 0.65489453 0.16425000 0.20353906 0.15975000
1 0.60624531 0.17174453 0.28436563 0.17161406
1 0.45154844 0.11498750 0.05309687 0.02372500
1 0.44049141 0.15051094 0.04660781 0.01977187
1 0.59277266 0.21507969 0.28554531 0.16765938
1 0.69281875 0.27643594 0.04188750 0.04349687
1 0.62152500 0.29217578 0.01180000 0.06247656
1 0.51250000 0.21780156 0.20000000 0.10122813
1 0.36085937 0.44752734 0.03421875 0.10755469
1 0.69148672 0.56083750 0.02359844 0.11230000
1 0.62876562 0.70164297 0.07315625 0.20641094
1 0.34343203 0.58942344 0.02123906 0.18822187
1 0.38087422 0.65034297 0.02737344 0.01006094
1 0.39257734 0.67691641 0.01015469 0.03195781
1 0.41086875 0.72311719 0.01236250 0.03373437
1 0.36553516 0.34224609 0.05607031 0.03136719
1 0.37231328 0.28417344 0.04150156 0.01834687
1 0.36927813 0.31410859 0.03855625 0.01571719
