0 0.48828125 0.55351562 0.05781250 0.03828125
0 0.31562500 0.61171875 0.04062500 0.02656250
0 0.30859375 0.78632813 0.04531250 0.02265625
0 0.27031250 0.79296875 0.02500000 0.01093750
0 0.28671875 0.81718750 0.06093750 0.03437500
0 0.29609375 0.72812500 0.02343750 0.01250000
0 0.18398438 0.81250000 0.03671875 0.01562500
0 0.21054687 0.82617188 0.01796875 0.01171875
0 0.24335937 0.82578125 0.02734375 0.02031250
0 0.19609375 0.72070312 0.03593750 0.01640625
0 0.20156250 0.57812500 0.01875000 0.01250000
3 0.28710938 0.56953125 0.07421875 0.06093750
