0 0.47265625 0.59648437 0.04843750 0.04921875
0 0.59296875 0.59453125 0.01406250 0.01093750
0 0.35156250 0.63046875 0.01875000 0.01718750
0 0.39023438 0.57890625 0.02109375 0.01406250
0 0.54687500 0.71484375 0.01875000 0.01718750
0 0.40859375 0.69570312 0.02031250 0.01328125
0 0.56835938 0.63554687 0.02109375 0.02109375
0 0.54687500 0.68515625 0.02187500 0.01718750
0 0.65820312 0.78320312 0.04140625 0.02265625
0 0.68984375 0.76796875 0.02343750 0.01718750
0 0.69335938 0.74023438 0.02421875 0.03046875
0 0.59140625 0.69882813 0.03281250 0.02265625
0 0.58125000 0.72851562 0.02500000 0.03203125
0 0.60781250 0.72500000 0.01562500 0.01250000
0 0.65976563 0.60625000 0.01640625 0.01250000
0 0.63789063 0.69804687 0.05078125 0.03046875
0 0.70039063 0.64023438 0.04140625 0.02734375
0 0.68046875 0.66523438 0.02656250 0.02421875
0 0.61484375 0.74843750 0.02343750 0.02812500
0 0.58359375 0.76289063 0.02656250 0.01640625
0 0.57148438 0.83750000 0.02421875 0.01875000
0 0.53046875 0.86289063 0.01718750 0.01015625
0 0.56250000 0.85625000 0.02187500 0.00937500
0 0.50390625 0.82421875 0.02343750 0.01406250
0 0.68242187 0.82656250 0.02109375 0.01250000
0 0.65429688 0.86054688 0.01796875 0.01171875
0 0.70820313 0.77070313 0.03203125 0.01640625
0 0.72617188 0.77656250 0.02109375 0.01250000
0 0.82500000 0.52812500 0.01250000 0.00937500
0 0.82265625 0.54570312 0.01093750 0.01015625
0 0.79960937 0.57031250 0.01796875 0.00937500
0 0.81250000 0.61562500 0.01562500 0.01250000
0 0.76250000 0.69140625 0.01562500 0.01718750
0 0.74843750 0.72773438 0.02500000 0.01484375
0 0.71250000 0.66875000 0.02500000 0.01562500
0 0.68046875 0.68867188 0.02031250 0.01171875
0 0.63203125 0.67382812 0.03593750 0.01640625
0 0.58203125 0.66718750 0.02031250 0.01250000
0 0.64335937 0.63164062 0.04609375 0.03515625
0 0.80117187 0.59101563 0.02421875 0.01640625
0 0.75078125 0.66250000 0.03281250 0.02500000
0 0.73554688 0.68710938 0.02109375 0.01796875
0 0.77890625 0.73437500 0.01718750 0.02500000
0 0.77421875 0.70429688 0.02343750 0.01796875
0 0.71093750 0.79882812 0.03125000 0.01640625
0 0.78085938 0.66992188 0.01796875 0.01484375
0 0.83281250 0.66718750 0.01250000 0.01562500
0 0.81445312 0.69335938 0.01328125 0.01171875
0 0.78515625 0.62265625 0.02343750 0.01406250
0 0.73359375 0.46718750 0.01406250 0.00937500
0 0.70937500 0.47187500 0.01562500 0.01250000
0 0.57812500 0.41523437 0.02812500 0.01484375
0 0.45585938 0.35117188 0.01484375 0.01171875
0 0.42304687 0.36562500 0.01796875 0.01250000
0 0.41171875 0.32148437 0.01406250 0.00859375
0 0.36406250 0.33437500 0.01562500 0.01562500
0 0.40117188 0.41562500 0.01484375 0.01250000
0 0.34257813 0.39062500 0.01640625 0.01250000
0 0.50742188 0.31796875 0.01171875 0.01093750
0 0.53906250 0.34843750 0.02187500 0.01250000
0 0.44882813 0.33515625 0.01328125 0.00781250
0 0.51406250 0.61367187 0.02187500 0.03359375
0 0.45742187 0.83984375 0.02109375 0.01093750
0 0.61250000 0.77851563 0.01562500 0.01328125
0 0.66015625 0.73632812 0.01406250 0.01328125
0 0.63593750 0.72500000 0.01875000 0.00937500
0 0.71406250 0.73242188 0.02187500 0.02109375
0 0.60546875 0.83398438 0.01718750 0.01171875
0 0.55156250 0.87421875 0.03750000 0.01406250
0 0.63320312 0.82968750 0.01328125 0.00937500
0 0.65078125 0.81132812 0.01406250 0.00703125
0 0.76718750 0.77382812 0.02812500 0.02265625
0 0.65703125 0.48085937 0.02343750 0.03046875
0 0.39062500 0.55429688 0.01562500 0.01484375
0 0.44375000 0.38945313 0.01250000 0.01015625
0 0.35195312 0.35195312 0.02265625 0.01640625
0 0.43203125 0.31367187 0.02343750 0.02734375
0 0.38125000 0.35781250 0.01875000 0.02187500
