0 0.42500000 0.20742188 0.01875000 0.01796875
0 0.36601563 0.21210937 0.02578125 0.01484375
0 0.62695312 0.24804688 0.02578125 0.01484375
0 0.59570312 0.27539062 0.01328125 0.02265625
0 0.71992188 0.50000000 0.02109375 0.01875000
3 0.62773437 0.50546875 0.06171875 0.05781250
0 0.68281250 0.53671875 0.01562500 0.01718750
0 0.70078125 0.52148438 0.01406250 0.01171875
0 0.72539062 0.58125000 0.01640625 0.01562500
0 0.52500000 0.57226562 0.02187500 0.01328125
0 0.49687500 0.58984375 0.03750000 0.01718750
0 0.38007812 0.71289062 0.02265625 0.01328125
0 0.44960937 0.72773438 0.01796875 0.01484375
0 0.50117188 0.72031250 0.01484375 0.00937500
0 0.64882812 0.65117187 0.01328125 0.00859375
0 0.58632812 0.71679688 0.03828125 0.01484375
0 0.24257813 0.47617188 0.02265625 0.02109375
0 0.30273438 0.50078125 0.04609375 0.02656250
0 0.30429688 0.53203125 0.01796875 0.01406250
0 0.45937500 0.35468750 0.01875000 0.01250000
0 0.25390625 0.59531250 0.02656250 0.02500000
0 0.46210937 0.17343750 0.01484375 0.00937500
0 0.47773437 0.22343750 0.01796875 0.00937500
0 0.49453125 0.21835937 0.01093750 0.00859375
0 0.55156250 0.30234375 0.01562500 0.01093750
0 0.47304687 0.43632813 0.01484375 0.01015625
0 0.45976563 0.45156250 0.01328125 0.01250000
0 0.28359375 0.47929688 0.02343750 0.01484375
0 0.32695313 0.52070313 0.01328125 0.00703125
0 0.33515625 0.50859375 0.01093750 0.00781250
0 0.24882813 0.50117188 0.01640625 0.01171875
0 0.46718750 0.41562500 0.01250000 0.01250000
0 0.35742188 0.25742188 0.01796875 0.01171875
0 0.32656250 0.26640625 0.02500000 0.02031250
3 0.33828125 0.52187500 0.04843750 0.05312500
