0 0.30468750 0.47539063 0.02187500 0.01328125
0 0.28242187 0.48710938 0.01796875 0.01484375
0 0.32226562 0.48046875 0.01640625 0.01093750
0 0.56679687 0.65117187 0.02109375 0.01484375
0 0.55507812 0.69531250 0.01953125 0.01875000
3 0.48593750 0.70468750 0.07812500 0.10625000
3 0.46757813 0.80976563 0.01953125 0.01328125
3 0.66406250 0.80000000 0.02187500 0.01250000
3 0.58476562 0.45585938 0.02578125 0.01796875
3 0.66640625 0.61835938 0.01718750 0.01796875
3 0.61679688 0.52773437 0.01796875 0.01484375
3 0.66757813 0.57968750 0.01953125 0.01562500
