0 0.65078125 0.33085938 0.01406250 0.01171875
0 0.69453125 0.29414062 0.01406250 0.01015625
0 0.61406250 0.23554687 0.01250000 0.00859375
0 0.62890625 0.26914063 0.01093750 0.00703125
0 0.61640625 0.25976562 0.01406250 0.00703125
0 0.61054688 0.29804687 0.01484375 0.00859375
0 0.58125000 0.26093750 0.02812500 0.01250000
0 0.66210938 0.29726562 0.02109375 0.01328125
0 0.61718750 0.28125000 0.01875000 0.00937500
0 0.62968750 0.44843750 0.02187500 0.01250000
0 0.63828125 0.37773438 0.01406250 0.01171875
0 0.37890625 0.43398437 0.01718750 0.01484375
0 0.53203125 0.29023437 0.01406250 0.00859375
0 0.62617188 0.24492188 0.02109375 0.00859375
0 0.67070312 0.25156250 0.01328125 0.00625000
0 0.65000000 0.26835938 0.00937500 0.00546875
0 0.67500000 0.27031250 0.01250000 0.01250000
0 0.67890625 0.42500000 0.01093750 0.00625000
