1 0.68504844 0.49317422 0.08572188 0.10197344
1 0.70547266 0.56834063 0.04219531 0.13043125
1 0.69065625 0.62048281 0.07506250 0.16284063
1 0.47957578 0.54320000 0.04352656 0.03952500
1 0.47425391 0.51430234 0.02975781 0.04110469
1 0.58421563 0.52514766 0.06218125 0.02529531
1 0.57403203 0.54794297 0.02931406 0.04901094
1 0.52176250 0.18894453 0.13102500 0.04663906
1 0.61004063 0.27420625 0.08883125 0.19841250
1 0.68159062 0.38583828 0.04130625 0.04980156
1 0.51302031 0.20692656 0.31979062 0.18260312
1 0.51524922 0.11862500 0.32112344 0.11225000
1 0.56886797 0.02637031 0.12836094 0.03399063
1 0.38903750 0.20480938 0.09682500 0.08774375
