0 0.62617188 0.60429687 0.01484375 0.01484375
0 0.61835938 0.56250000 0.01796875 0.01562500
0 0.60078125 0.56367188 0.01093750 0.00859375
0 0.57500000 0.56718750 0.01562500 0.00937500
0 0.59023437 0.59140625 0.01484375 0.01406250
0 0.49179688 0.53281250 0.00859375 0.00937500
0 0.56445312 0.52617187 0.01015625 0.00859375
0 0.51679688 0.50507813 0.01171875 0.00703125
0 0.51289063 0.51914063 0.01015625 0.00703125
0 0.40273437 0.52539062 0.01171875 0.01015625
0 0.37890625 0.42578125 0.01093750 0.00781250
0 0.59687500 0.39765625 0.01562500 0.01093750
0 0.60898438 0.51562500 0.01171875 0.00625000
