0 0.66132813 0.53789062 0.02578125 0.01640625
0 0.58554688 0.53906250 0.06171875 0.01562500
0 0.56328125 0.56640625 0.01406250 0.01093750
0 0.55195313 0.59804687 0.01953125 0.01484375
0 0.66367188 0.65859375 0.04296875 0.02968750
0 0.62812500 0.71171875 0.02812500 0.01406250
0 0.67656250 0.58867187 0.02500000 0.02421875
0 0.51992187 0.78906250 0.03359375 0.01562500
0 0.47968750 0.79179687 0.01875000 0.01171875
0 0.38007812 0.78710938 0.01953125 0.00859375
0 0.35078125 0.77382812 0.02343750 0.01015625
