1 0.53113047 0.15843359 0.02788594 0.00749219
1 0.57697266 0.16868750 0.04457031 0.02175000
1 0.61912656 0.19573281 0.04137812 0.03209063
1 0.68645937 0.23298047 0.06979375 0.02221094
1 0.74353281 0.25548125 0.04331562 0.02346250
1 0.57062656 0.13564375 0.03187812 0.01191250
1 0.61640391 0.16114453 0.05780781 0.03791406
1 0.68038516 0.19170000 0.07014531 0.02402500
1 0.73011719 0.20580078 0.03210938 0.00535156
1 0.60728438 0.13684766 0.07081875 0.03932031
1 0.66940703 0.16570000 0.05443906 0.01890000
1 0.72847500 0.18690469 0.04757500 0.02068437
1 0.59090547 0.21122813 0.05993594 0.04120625
1 0.69921406 0.27311719 0.04842813 0.01498438
1 0.63657500 0.23170234 0.06065000 0.07277969
1 0.67689063 0.30987656 0.01315625 0.01350312
1 0.69014766 0.33563125 0.01467031 0.04001250
1 0.74051250 0.23212891 0.04352500 0.02675781
1 0.44799141 0.25058594 0.02723281 0.10429687
1 0.44415078 0.33986797 0.08517656 0.03911094
1 0.42035391 0.36407266 0.06570781 0.01564531
1 0.45376172 0.37702734 0.03252344 0.01030469
1 0.43282813 0.38225781 0.00940625 0.00201562
1 0.42003359 0.38770938 0.01506719 0.00666875
1 0.40146250 0.39409844 0.02167500 0.00694687
1 0.42544531 0.49888203 0.12276562 0.19776406
1 0.44166484 0.45108047 0.08645469 0.07716094
1 0.41157188 0.55065625 0.02939375 0.15756250
1 0.40550234 0.62710703 0.00475469 0.11671406
1 0.41175234 0.68353203 0.00475469 0.12643906
