0 0.57187500 0.71875000 0.01875000 0.01562500
0 0.52148438 0.86093750 0.04296875 0.03750000
0 0.39687500 0.68281250 0.02812500 0.01875000
0 0.56796875 0.59453125 0.02031250 0.01406250
0 0.52812500 0.58867187 0.02812500 0.03046875
0 0.36406250 0.49648437 0.02500000 0.02109375
0 0.47578125 0.60234375 0.02343750 0.02968750
0 0.48007813 0.71796875 0.03828125 0.02343750
0 0.49570313 0.63476562 0.01640625 0.01953125
0 0.79726562 0.38007812 0.01953125 0.02265625
0 0.78320312 0.33632812 0.01953125 0.02890625
