0 0.53789062 0.61757812 0.02578125 0.01953125
0 0.50468750 0.64609375 0.04687500 0.02343750
0 0.65312500 0.59804687 0.04062500 0.02109375
0 0.64921875 0.83359375 0.02031250 0.01406250
0 0.38320312 0.77812500 0.02578125 0.01250000
0 0.54492188 0.83671875 0.02109375 0.01093750
0 0.49609375 0.84804687 0.02343750 0.01484375
0 0.54257813 0.87109375 0.02265625 0.01093750
0 0.65429688 0.81289062 0.01796875 0.01640625
0 0.64687500 0.78671875 0.03437500 0.03593750
0 0.59023437 0.39335938 0.01796875 0.01171875
0 0.44140625 0.42656250 0.01406250 0.01562500
0 0.64921875 0.36679688 0.12031250 0.01796875
3 0.28867188 0.64218750 0.01484375 0.01562500
