1 0.53125156 0.05015859 0.20312813 0.01281719
1 0.45200156 0.06928984 0.00712813 0.00107969
1 0.49844297 0.06944609 0.08438594 0.01076719
1 0.43892266 0.07559453 0.01847031 0.01056406
1 0.55152031 0.07550313 0.02179063 0.00100625
1 0.57657578 0.07709766 0.03127656 0.00107031
1 0.42050547 0.08938516 0.01913594 0.01939531
1 0.64344297 0.10385469 0.10251094 0.05458437
1 0.48158828 0.11558047 0.10067656 0.03116094
1 0.57427969 0.11576875 0.04543437 0.00966250
1 0.62026172 0.13097109 0.01239844 0.01506719
1 0.63335156 0.15215469 0.01357812 0.02618437
1 0.64575391 0.12423984 0.01025781 0.00472969
1 0.66236875 0.13790000 0.02161250 0.02267500
1 0.69058125 0.17605234 0.03428750 0.05522969
1 0.49183672 0.13077734 0.02117344 0.03655469
1 0.60176562 0.02328672 0.12540625 0.02157344
1 0.41461719 0.10453672 0.03235937 0.02157344
1 0.51413359 0.13791094 0.00639219 0.03519687
1 0.51124375 0.17244609 0.00998750 0.03551719
1 0.54594766 0.14361953 0.00439531 0.04973906
1 0.56150312 0.13418359 0.00113125 0.02149219
1 0.55904453 0.15222734 0.00246406 0.01695469
1 0.55849922 0.16534766 0.00137344 0.00882031
1 0.56368281 0.18682969 0.00861563 0.03303437
