0 0.55156250 0.37695312 0.02500000 0.01953125
0 0.59882813 0.40312500 0.03828125 0.05312500
0 0.66953125 0.41562500 0.07968750 0.04062500
0 0.37695312 0.39218750 0.04140625 0.03750000
0 0.37812500 0.43710938 0.02812500 0.01484375
0 0.33984375 0.45117188 0.01406250 0.01171875
0 0.56015625 0.52500000 0.03906250 0.03125000
0 0.48906250 0.54257813 0.05312500 0.01953125
0 0.48984375 0.59335938 0.07343750 0.05546875
0 0.37031250 0.45585938 0.01250000 0.01171875
0 0.33906250 0.51718750 0.02812500 0.03125000
0 0.38437500 0.52617187 0.04687500 0.03984375
0 0.43398437 0.55312500 0.04296875 0.05312500
0 0.41289063 0.63515625 0.03203125 0.02968750
0 0.38320312 0.58281250 0.06953125 0.04687500
0 0.45664063 0.64140625 0.02890625 0.02968750
0 0.42500000 0.68593750 0.02812500 0.02812500
0 0.48632812 0.70859375 0.02265625 0.01718750
0 0.50585938 0.74375000 0.02421875 0.01562500
0 0.60000000 0.73554688 0.01562500 0.01484375
0 0.57851562 0.77343750 0.02890625 0.01875000
0 0.60351562 0.74882812 0.01953125 0.01640625
0 0.66289062 0.71250000 0.04765625 0.03125000
0 0.69804687 0.57929688 0.05234375 0.05234375
0 0.60781250 0.54335937 0.02500000 0.02734375
0 0.73164063 0.58515625 0.02578125 0.03906250
0 0.64335937 0.35078125 0.01484375 0.01406250
0 0.47539063 0.52148438 0.01953125 0.02109375
0 0.45312500 0.67265625 0.01562500 0.01406250
0 0.34062500 0.55742187 0.01250000 0.02421875
