0 0.50273437 0.56328125 0.02109375 0.01406250
0 0.46093750 0.56992188 0.03437500 0.01171875
0 0.44218750 0.52539062 0.02812500 0.02890625
0 0.47617188 0.50000000 0.08984375 0.03750000
0 0.40507813 0.47890625 0.03515625 0.04218750
0 0.32968750 0.52656250 0.02812500 0.02187500
0 0.35039063 0.48007813 0.04140625 0.03203125
0 0.58554688 0.41132812 0.02421875 0.03203125
0 0.62812500 0.42304687 0.03437500 0.01796875
0 0.59648437 0.48242188 0.08359375 0.04921875
0 0.56914062 0.56523437 0.05078125 0.03671875
0 0.54570312 0.53320312 0.06953125 0.02890625
0 0.46601562 0.54648438 0.04765625 0.02734375
0 0.51523438 0.59531250 0.03046875 0.01562500
0 0.43867187 0.65156250 0.03671875 0.02812500
0 0.40937500 0.65742188 0.03125000 0.01171875
0 0.35390625 0.65664062 0.02656250 0.01953125
0 0.39414063 0.70234375 0.01953125 0.02968750
0 0.34960938 0.68984375 0.03671875 0.01406250
0 0.33320312 0.70859375 0.01640625 0.01406250
0 0.49531250 0.63593750 0.02187500 0.01562500
0 0.44453125 0.58945313 0.03593750 0.01953125
0 0.53203125 0.65546875 0.03281250 0.02031250
0 0.25000000 0.49609375 0.05937500 0.01718750
0 0.21835937 0.50351563 0.02109375 0.06015625
0 0.25195312 0.55156250 0.02265625 0.03437500
0 0.27968750 0.64531250 0.02187500 0.01250000
0 0.45195313 0.69570312 0.02265625 0.01015625
0 0.42812500 0.68242187 0.02500000 0.00859375
0 0.33476563 0.36953125 0.02578125 0.01718750
0 0.30742188 0.33632812 0.03046875 0.01953125
0 0.27304688 0.33437500 0.01484375 0.01250000
0 0.40390625 0.33671875 0.02968750 0.02343750
0 0.36679688 0.36054687 0.02109375 0.01484375
