0 0.43710938 0.50234375 0.02421875 0.01406250
0 0.60117188 0.59140625 0.02421875 0.02656250
0 0.30351563 0.52656250 0.07890625 0.01250000
0 0.22539063 0.52304688 0.02578125 0.00859375
0 0.29375000 0.57617188 0.03125000 0.01484375
0 0.19218750 0.59492188 0.03750000 0.03359375
0 0.35000000 0.68203125 0.01875000 0.01406250
0 0.51992187 0.68164062 0.03046875 0.01328125
0 0.72656250 0.60039062 0.02187500 0.01328125
0 0.66914063 0.53554687 0.02578125 0.01796875
0 0.54843750 0.40195313 0.04062500 0.01953125
0 0.52617187 0.38125000 0.02109375 0.00937500
0 0.49960938 0.36093750 0.02109375 0.01250000
0 0.43359375 0.39140625 0.02031250 0.00781250
0 0.34687500 0.35312500 0.01875000 0.00625000
0 0.40351562 0.30781250 0.01328125 0.00937500
0 0.65117187 0.32656250 0.02109375 0.00937500
0 0.56875000 0.30156250 0.01875000 0.00937500
0 0.52421875 0.29531250 0.02343750 0.00625000
0 0.36406250 0.36796875 0.01875000 0.01093750
0 0.32382813 0.35859375 0.02890625 0.00781250
0 0.34765625 0.32734375 0.03593750 0.02031250
0 0.27695313 0.31054688 0.02890625 0.01171875
