0 0.41992188 0.62304688 0.03671875 0.03046875
0 0.60781250 0.62382812 0.02812500 0.01640625
0 0.48906250 0.55546875 0.03437500 0.02031250
0 0.52851563 0.55351562 0.02265625 0.01015625
0 0.68281250 0.50859375 0.03125000 0.02031250
0 0.67773438 0.47109375 0.07109375 0.02031250
0 0.35546875 0.41210938 0.02968750 0.00859375
0 0.42695312 0.38554688 0.03515625 0.01171875
0 0.46562500 0.38242188 0.04687500 0.00859375
0 0.40976563 0.33125000 0.02578125 0.01250000
0 0.20820312 0.40156250 0.02265625 0.01250000
0 0.30781250 0.54375000 0.03125000 0.01875000
0 0.59023437 0.53554687 0.02734375 0.01171875
0 0.55664062 0.55585938 0.02265625 0.01796875
0 0.38789062 0.73281250 0.04765625 0.01562500
0 0.47812500 0.72304687 0.02812500 0.01171875
0 0.70625000 0.59218750 0.05312500 0.01250000
0 0.81250000 0.62460938 0.03125000 0.01796875
0 0.46679688 0.57695312 0.02109375 0.01328125
0 0.39062500 0.55507812 0.02812500 0.01328125
0 0.57812500 0.34882812 0.03125000 0.01015625
0 0.49257812 0.35351562 0.03515625 0.01953125
