0 0.35273437 0.42890625 0.06796875 0.03281250
0 0.30390625 0.74414062 0.02343750 0.01328125
0 0.35703125 0.78437500 0.01406250 0.01562500
0 0.36289063 0.84765625 0.01328125 0.01093750
0 0.32968750 0.92382812 0.02812500 0.01640625
0 0.35820313 0.69062500 0.03515625 0.02187500
0 0.38476562 0.61445313 0.02578125 0.02265625
0 0.13281250 0.59296875 0.03125000 0.01718750
0 0.44062500 0.50820312 0.01875000 0.01328125
0 0.43593750 0.47265625 0.01562500 0.01093750
0 0.35546875 0.46093750 0.02031250 0.01875000
0 0.21406250 0.36875000 0.01875000 0.00937500
0 0.44492188 0.85312500 0.01796875 0.01250000
