0 0.44921875 0.60234375 0.02656250 0.01718750
0 0.48671875 0.60937500 0.02031250 0.00625000
0 0.51523438 0.59062500 0.02109375 0.00625000
0 0.66953125 0.46796875 0.06718750 0.01093750
0 0.25312500 0.48164062 0.02500000 0.00703125
0 0.29531250 0.47968750 0.01562500 0.00625000
0 0.29765625 0.46523437 0.01718750 0.00859375
0 0.55234375 0.29843750 0.03906250 0.01250000
0 0.50234375 0.28007813 0.02343750 0.01015625
0 0.48554687 0.23554687 0.02109375 0.01484375
0 0.47109375 0.21992187 0.01718750 0.00859375
0 0.43320313 0.21484375 0.04140625 0.00781250
0 0.39062500 0.25429687 0.02812500 0.01171875
0 0.37031250 0.26757812 0.03125000 0.01015625
0 0.36562500 0.24882813 0.01562500 0.01015625
0 0.34101562 0.25468750 0.01328125 0.00625000
0 0.55742187 0.20195313 0.03046875 0.00703125
0 0.52460938 0.20898438 0.01796875 0.00859375
0 0.45781250 0.18398438 0.03437500 0.00859375
0 0.39726563 0.19453125 0.03203125 0.00781250
0 0.31367187 0.28750000 0.02109375 0.00937500
0 0.26796875 0.28554687 0.02343750 0.00859375
0 0.32734375 0.23203125 0.02343750 0.00781250
0 0.38203125 0.22851562 0.03593750 0.01015625
0 0.82031250 0.29765625 0.01562500 0.00781250
0 0.71757812 0.28906250 0.01953125 0.00625000
0 0.68007812 0.25234375 0.02265625 0.00781250
0 0.62695312 0.21328125 0.02578125 0.01093750
0 0.59101563 0.19687500 0.03203125 0.01562500
0 0.62734375 0.19179688 0.02343750 0.00859375
0 0.62773437 0.22382812 0.01796875 0.01015625
0 0.54648438 0.25351563 0.01796875 0.00703125
0 0.50468750 0.25468750 0.01562500 0.01250000
0 0.41562500 0.30468750 0.02500000 0.00937500
0 0.40351562 0.27343750 0.02890625 0.01250000
0 0.47968750 0.25664063 0.02812500 0.01015625
0 0.44101563 0.29804687 0.01328125 0.00859375
0 0.46953125 0.31796875 0.02343750 0.01406250
0 0.50351563 0.30234375 0.02265625 0.02031250
0 0.47148438 0.27851562 0.02109375 0.01015625
0 0.52421875 0.23632812 0.03281250 0.00703125
0 0.50859375 0.22304688 0.01718750 0.00859375
0 0.48632812 0.21367188 0.01328125 0.00859375
0 0.45078125 0.20273437 0.04843750 0.01171875
0 0.38046875 0.55585938 0.02656250 0.00859375
0 0.29726562 0.44218750 0.03203125 0.01250000
0 0.52890625 0.35117188 0.01718750 0.00859375
0 0.48632812 0.33710937 0.02578125 0.00859375
0 0.46523437 0.36445312 0.01796875 0.00703125
0 0.41328125 0.20507812 0.02031250 0.01015625
0 0.49023438 0.19570313 0.02109375 0.00390625
0 0.51562500 0.28125000 0.01562500 0.01250000
0 0.59062500 0.25429687 0.01250000 0.00859375
0 0.56992188 0.24023438 0.01796875 0.00859375
0 0.53046875 0.26132813 0.02343750 0.01015625
0 0.32421875 0.19687500 0.02031250 0.00937500
0 0.67539063 0.23125000 0.01328125 0.00937500
0 0.62500000 0.24218750 0.01875000 0.00625000
