0 0.58242187 0.49414062 0.08046875 0.00703125
0 0.39062500 0.41250000 0.02187500 0.00625000
0 0.36484375 0.39804688 0.02343750 0.00859375
0 0.36640625 0.31484375 0.02656250 0.01406250
0 0.54882812 0.28828125 0.02578125 0.01093750
0 0.46757813 0.32304688 0.02578125 0.01171875
0 0.42539063 0.31523438 0.02890625 0.01796875
0 0.51132813 0.30507812 0.04140625 0.01328125
0 0.32734375 0.29648438 0.05468750 0.01171875
0 0.33281250 0.27578125 0.05937500 0.02031250
0 0.28632812 0.22617187 0.02265625 0.01171875
0 0.40859375 0.21054687 0.02343750 0.00859375
0 0.36250000 0.21718750 0.04062500 0.01562500
0 0.29921875 0.25820312 0.03281250 0.01328125
0 0.23828125 0.30234375 0.03906250 0.01406250
0 0.29414062 0.34453125 0.02265625 0.01093750
0 0.42539063 0.39179687 0.02265625 0.00859375
0 0.36093750 0.37148437 0.01875000 0.00859375
0 0.32460937 0.32500000 0.01796875 0.00937500
0 0.78085938 0.30468750 0.01796875 0.00937500
0 0.73046875 0.29375000 0.02656250 0.01250000
0 0.43085937 0.22773437 0.02109375 0.00859375
0 0.36718750 0.25195312 0.02187500 0.01015625
0 0.32734375 0.25234375 0.01718750 0.00781250
0 0.21601562 0.28476563 0.01953125 0.00703125
0 0.65156250 0.50039062 0.01562500 0.00703125
0 0.65273437 0.51250000 0.01796875 0.00625000
0 0.78515625 0.48789063 0.02343750 0.01015625
0 0.75078125 0.45156250 0.01406250 0.00625000
0 0.83945313 0.39101562 0.02578125 0.01015625
0 0.39140625 0.65078125 0.00781250 0.01093750
0 0.70429688 0.57343750 0.03046875 0.00937500
0 0.73281250 0.52851563 0.01562500 0.01015625
0 0.51679688 0.45742187 0.04296875 0.01796875
0 0.57578125 0.45273438 0.04531250 0.00546875
0 0.43945312 0.21367188 0.02578125 0.00859375
