1 0.52427656 0.29344219 0.07355313 0.00875937
1 0.42586562 0.31364844 0.06735625 0.01479687
1 0.32390391 0.31806250 0.05718281 0.00487500
1 0.47520859 0.34738828 0.08166719 0.00727656
1 0.35593906 0.35293906 0.12125312 0.00587813
1 0.51457422 0.38501406 0.05414844 0.00127813
1 0.43787188 0.38793203 0.04761875 0.00711406
1 0.37958828 0.39400547 0.04980156 0.00051094
1 0.30381875 0.38576406 0.16388750 0.00590312
1 0.28171797 0.42095156 0.01343594 0.00127812
1 0.30023203 0.42254297 0.02233906 0.00133594
1 0.32623203 0.42353672 0.03058906 0.00019844
1 0.34686172 0.42375938 0.00934844 0.00064375
1 0.36358125 0.42582812 0.02403750 0.00165625
1 0.48754844 0.42158672 0.07509688 0.00254844
1 0.42631953 0.42523203 0.03701406 0.00358906
1 0.43801719 0.48381562 0.04478437 0.08638125
1 0.69771250 0.41799375 0.08917500 0.01411250
1 0.62779063 0.41806094 0.05245625 0.00799687
1 0.80325000 0.49907266 0.05337500 0.04502031
1 0.80856953 0.51001016 0.07338906 0.04502031
1 0.81408594 0.52499766 0.07192187 0.02812031
