3 0.55351562 0.51953125 0.05703125 0.04843750
3 0.32148437 0.53789062 0.06796875 0.05703125
1 0.37382813 0.35390625 0.06328125 0.01406250
1 0.40078125 0.36992188 0.10156250 0.00859375
1 0.56445312 0.38906250 0.07578125 0.03125000
1 0.54375000 0.35351562 0.06875000 0.02265625
1 0.35468750 0.56054688 0.06250000 0.05546875
1 0.56367188 0.58359375 0.04609375 0.04531250
3 0.46367188 0.43710938 0.05234375 0.03046875
1 0.28437500 0.47265625 0.03125000 0.00468750
1 0.29296875 0.49648437 0.02031250 0.01484375
1 0.28281250 0.48945312 0.01562500 0.01015625
1 0.28125000 0.48359375 0.01875000 0.01093750
1 0.62304688 0.49296875 0.01484375 0.01406250
1 0.61132812 0.49453125 0.01328125 0.00781250
