0 0.58867187 0.81601563 0.02421875 0.02265625
0 0.59179688 0.86015625 0.02421875 0.02656250
0 0.45390625 0.89140625 0.03281250 0.02031250
0 0.74648437 0.79804688 0.01484375 0.01796875
0 0.74179688 0.76210937 0.01796875 0.01484375
0 0.70351562 0.75898438 0.01640625 0.01484375
0 0.70742187 0.81562500 0.02734375 0.01562500
0 0.71835938 0.78593750 0.02734375 0.01562500
0 0.57304687 0.62578125 0.03046875 0.02968750
0 0.60156250 0.58437500 0.02187500 0.00937500
0 0.70859375 0.50234375 0.04218750 0.02968750
0 0.63984375 0.55781250 0.02031250 0.01250000
0 0.67226562 0.62734375 0.02265625 0.01406250
0 0.65507812 0.68242187 0.01640625 0.00859375
0 0.63320312 0.73281250 0.01953125 0.01250000
0 0.81406250 0.74375000 0.01562500 0.00937500
0 0.70703125 0.70117188 0.02031250 0.02734375
0 0.75585938 0.57968750 0.02421875 0.03125000
0 0.75976562 0.45742187 0.01328125 0.01171875
0 0.54335937 0.81328125 0.02734375 0.02031250
