3 0.37460938 0.45781250 0.04296875 0.03750000
3 0.57812500 0.46679688 0.03750000 0.04296875
0 0.67656250 0.44648437 0.01875000 0.01171875
0 0.53203125 0.17812500 0.03281250 0.01875000
1 0.52109375 0.21601562 0.07031250 0.01015625
0 0.62890625 0.16679688 0.03593750 0.03359375
0 0.44609375 0.19414063 0.03593750 0.03203125
0 0.50859375 0.29648438 0.02343750 0.02109375
0 0.53125000 0.25898437 0.02500000 0.03671875
0 0.47539063 0.12500000 0.02578125 0.01250000
0 0.57031250 0.14843750 0.02812500 0.01250000
0 0.50312500 0.14609375 0.05312500 0.01406250
0 0.41562500 0.14257812 0.01562500 0.01328125
0 0.36523438 0.15390625 0.01796875 0.01406250
0 0.50195312 0.69101563 0.01953125 0.01640625
0 0.62890625 0.46796875 0.01406250 0.01093750
0 0.70703125 0.42382812 0.02031250 0.01640625
0 0.57382813 0.46718750 0.01328125 0.02500000
0 0.39296875 0.19960938 0.02031250 0.01484375
