0 0.43515625 0.43320313 0.02968750 0.02265625
0 0.64140625 0.38750000 0.03281250 0.03750000
0 0.68242187 0.48828125 0.02421875 0.02968750
0 0.60351562 0.49414062 0.02265625 0.02265625
0 0.58125000 0.30585937 0.03125000 0.02734375
0 0.58046875 0.26406250 0.05156250 0.04375000
0 0.16914062 0.15664063 0.02578125 0.03203125
0 0.17382812 0.23671875 0.02265625 0.03281250
0 0.11210937 0.19960938 0.02109375 0.04609375
0 0.13203125 0.11953125 0.02031250 0.01718750
0 0.16171875 0.29101562 0.02656250 0.02265625
0 0.26093750 0.10273438 0.03437500 0.02109375
0 0.47656250 0.74726563 0.02500000 0.01953125
0 0.29726562 0.76406250 0.02578125 0.01875000
0 0.49765625 0.40117188 0.03281250 0.02109375
0 0.59882813 0.38632813 0.01953125 0.01953125
