0 0.50585938 0.17773438 0.02109375 0.01171875
0 0.53125000 0.18398438 0.02500000 0.01171875
0 0.52617187 0.28007813 0.03046875 0.01328125
0 0.56171875 0.21992187 0.01093750 0.01171875
0 0.49140625 0.33242187 0.01718750 0.01484375
3 0.67890625 0.49843750 0.13906250 0.08750000
0 0.73359375 0.59375000 0.02656250 0.01562500
0 0.49101563 0.55703125 0.03828125 0.01718750
0 0.46367188 0.41093750 0.03046875 0.02187500
0 0.22148438 0.44296875 0.02109375 0.01406250
0 0.30781250 0.52031250 0.02187500 0.01562500
0 0.42617187 0.69804687 0.03359375 0.01484375
0 0.44882813 0.71250000 0.01953125 0.00937500
0 0.52070313 0.68828125 0.03203125 0.01406250
0 0.43203125 0.12578125 0.02968750 0.01406250
