0 0.40312500 0.44843750 0.04062500 0.02500000
0 0.34140625 0.47734375 0.02343750 0.02343750
0 0.19062500 0.47031250 0.02187500 0.01562500
3 0.61132812 0.51562500 0.17265625 0.10312500
0 0.76484375 0.50507813 0.02343750 0.02265625
0 0.73359375 0.57890625 0.04843750 0.02656250
0 0.34296875 0.24296875 0.03906250 0.02031250
0 0.30000000 0.18750000 0.04062500 0.01875000
0 0.39023438 0.18554688 0.05234375 0.03046875
0 0.51875000 0.14101563 0.03437500 0.01640625
0 0.31093750 0.73359375 0.02500000 0.01093750
0 0.58437500 0.64218750 0.02500000 0.01875000
0 0.17734375 0.23593750 0.02343750 0.01562500
