3 0.36093750 0.51601562 0.09375000 0.10078125
0 0.34453125 0.54843750 0.02031250 0.01875000
0 0.39023438 0.50976562 0.01484375 0.00703125
0 0.38867188 0.53867188 0.02109375 0.01484375
3 0.62187500 0.51210937 0.13437500 0.08359375
3 0.47265625 0.38007812 0.03906250 0.08203125
3 0.44453125 0.24726562 0.15781250 0.07578125
3 0.45039062 0.31953125 0.17578125 0.04218750
3 0.48906250 0.69882813 0.14062500 0.04140625
0 0.53789062 0.69062500 0.02265625 0.01875000
0 0.29453125 0.53750000 0.01093750 0.01250000
0 0.31484375 0.59062500 0.02656250 0.02812500
0 0.53710938 0.47773437 0.01171875 0.01796875
0 0.29257813 0.29375000 0.01015625 0.01250000
0 0.30859375 0.25585938 0.02656250 0.01171875
0 0.60156250 0.25859375 0.02812500 0.01718750
