0 0.37968750 0.41484375 0.04687500 0.03281250
3 0.53085938 0.41679688 0.24921875 0.08984375
3 0.88398438 0.42421875 0.04609375 0.05156250
0 0.49921875 0.50234375 0.06718750 0.01718750
0 0.40000000 0.25273438 0.02812500 0.01796875
0 0.27812500 0.42617187 0.02812500 0.02421875
0 0.47734375 0.53554687 0.07968750 0.02734375
0 0.33398438 0.44570312 0.03046875 0.03515625
0 0.59023437 0.58203125 0.02734375 0.01718750
0 0.49570313 0.57773438 0.03515625 0.01171875
0 0.53984375 0.58671875 0.04218750 0.01406250
0 0.51445312 0.61328125 0.02578125 0.02656250
0 0.49375000 0.61210937 0.04062500 0.01484375
0 0.62929687 0.62695312 0.03359375 0.01328125
0 0.59023437 0.60664063 0.05234375 0.01953125
0 0.62382812 0.58203125 0.02578125 0.01718750
0 0.76757812 0.60625000 0.02265625 0.01562500
0 0.76601562 0.58242187 0.03828125 0.01484375
0 0.71132812 0.58320313 0.03203125 0.02265625
0 0.69101563 0.61484375 0.06328125 0.02031250
0 0.64492187 0.65078125 0.03359375 0.01718750
0 0.52851563 0.63398438 0.03203125 0.01484375
0 0.80585938 0.59218750 0.02421875 0.01875000
0 0.85000000 0.56523437 0.01875000 0.01484375
0 0.78828125 0.62226563 0.01406250 0.01015625
0 0.74687500 0.64140625 0.03437500 0.01718750
0 0.69257813 0.64375000 0.03203125 0.01562500
