1 0.48081797 0.08192656 0.30851094 0.13885312
1 0.65208359 0.20674844 0.06666719 0.11349688
1 0.46039375 0.12867422 0.32391250 0.13859844
1 0.65348750 0.23958516 0.05072500 0.09167031
1 0.40772188 0.15245781 0.16231875 0.10804063
1 0.65430234 0.26242734 0.03985469 0.06547969
1 0.57108750 0.22682500 0.12342500 0.03490000
1 0.62087891 0.15288359 0.15113281 0.12139219
1 0.46869453 0.21896719 0.01863906 0.03793437
1 0.47780391 0.04092500 0.07748281 0.05685000
1 0.39197031 0.16499375 0.05894062 0.05186250
1 0.61976406 0.58830000 0.05827813 0.15160000
1 0.20252500 0.45335859 0.06755000 0.05984219
1 0.22391328 0.38773359 0.09470156 0.05984219
1 0.62815625 0.52024687 0.03443750 0.04986875
1 0.22798516 0.29827188 0.05909531 0.03091875
1 0.27064844 0.31468672 0.02567188 0.00437344
1 0.64506406 0.49468125 0.02450313 0.00498750
1 0.65506016 0.56336484 0.01324531 0.05485469
1 0.57546953 0.07246797 0.05406406 0.00431094
1 0.64184063 0.09327344 0.05555625 0.03029688
