1 0.32503359 0.35597578 0.26881719 0.05570156
1 0.65252031 0.35537969 0.26129062 0.07325937
1 0.50746719 0.29074609 0.54618437 0.05336719
1 0.71349766 0.33348906 0.13012031 0.03572812
1 0.56473359 0.29936250 0.03571719 0.00497500
1 0.63522109 0.30045156 0.10481719 0.00715313
1 0.47442734 0.30291953 0.14572969 0.00271406
1 0.38636016 0.30547188 0.02897031 0.00156875
1 0.71872500 0.31381797 0.05932500 0.01826094
1 0.30474609 0.31971563 0.09386719 0.02380625
1 0.21970313 0.34744297 0.04565625 0.02613594
1 0.44846875 0.31766016 0.05943750 0.00407031
1 0.42408594 0.24965234 0.03879687 0.00242969
1 0.46905156 0.25022578 0.05060313 0.00045156
1 0.36853750 0.25026719 0.05582500 0.00678438
1 0.40594375 0.28503984 0.04313750 0.00132969
1 0.35210781 0.29053672 0.06359063 0.00919844
1 0.29425078 0.30178359 0.05412656 0.01294219
1 0.21026406 0.33069688 0.05490313 0.02701875
