1 0.31117891 0.34157344 0.12860781 0.05502187
1 0.41252891 0.31744375 0.02818281 0.00988750
1 0.47056016 0.32664141 0.42862031 0.04390781
1 0.51034453 0.30547422 0.32068906 0.02344844
1 0.35446719 0.28791172 0.05893438 0.00082344
1 0.29336719 0.29543203 0.06485937 0.01273906
1 0.43250547 0.27755391 0.24001094 0.01448281
1 0.59263984 0.27867812 0.06965469 0.00735625
1 0.60261875 0.29234922 0.04586250 0.00344844
1 0.40021563 0.26436406 0.13793125 0.01310312
1 0.27556016 0.51992422 0.03862031 0.01172344
1 0.32182344 0.58132344 0.01239687 0.00952187
1 0.30881406 0.58889609 0.01137813 0.00591719
1 0.29102734 0.59500547 0.01330469 0.00251094
1 0.27484375 0.59640391 0.01218750 0.00218281
1 0.26477109 0.59662344 0.00766719 0.00574687
1 0.31790391 0.59473984 0.02955781 0.02697969
1 0.28729922 0.61720391 0.02147344 0.00940781
1 0.33359141 0.62583359 0.02968281 0.02666719
1 0.30981406 0.64641875 0.01962813 0.01471250
1 0.60063594 0.61500625 0.01689688 0.01126250
1 0.61640078 0.65356328 0.02342656 0.02275156
1 0.68017500 0.37927500 0.01035000 0.03355000
1 0.67497344 0.35172422 0.02182188 0.00969844
1 0.70067891 0.37983984 0.02010781 0.03780469
