1 0.45622031 0.38877734 0.20619062 0.02130469
1 0.61669766 0.40255313 0.11464531 0.03010625
1 0.47618906 0.35374531 0.20550312 0.02624063
1 0.51148828 0.43047812 0.00735156 0.05470625
1 0.56013437 0.42284375 0.00464375 0.02693750
1 0.58675000 0.33393672 0.05475000 0.02099844
1 0.65079062 0.38104844 0.03283125 0.01209687
1 0.68771875 0.39927813 0.03481250 0.02043125
1 0.46708203 0.45212109 0.02166406 0.01674219
1 0.71678047 0.52974141 0.04606094 0.00635781
1 0.71211797 0.51154844 0.03986094 0.01684687
1 0.29989453 0.49480391 0.04666406 0.00523281
