1 0.56202188 0.28495234 0.29591875 0.01677969
1 0.56671016 0.29912734 0.08967031 0.00762969
1 0.48195078 0.30219766 0.07015156 0.00127031
1 0.42783594 0.30410234 0.03692187 0.00507969
1 0.57750313 0.31352656 0.06438125 0.01142812
1 0.62041094 0.31698281 0.08457187 0.00584062
1 0.46281875 0.32432656 0.02876250 0.00177813
1 0.42567578 0.32824609 0.04510156 0.00649219
1 0.39151797 0.33625781 0.02366094 0.01001562
1 0.50975625 0.34653672 0.00076250 0.02744844
1 0.75519766 0.43427969 0.07602031 0.00918437
