1 0.41566484 0.27357109 0.42820469 0.09401719
1 0.63386719 0.23540625 0.09273438 0.04581250
1 0.42859219 0.29473594 0.42905938 0.07384688
1 0.25057344 0.34376562 0.05114688 0.03753125
1 0.31770859 0.31998828 0.06666719 0.01185156
1 0.49600391 0.31743828 0.11075781 0.00987656
1 0.41720703 0.30647969 0.04691406 0.01608438
1 0.53547422 0.29302344 0.07407344 0.00479687
1 0.60523594 0.29747578 0.04797187 0.03245156
1 0.60014297 0.34335234 0.06278594 0.03357969
1 0.40970000 0.34287734 0.01940000 0.04825469
1 0.36411172 0.33711328 0.00634844 0.03047656
