1 0.42461641 0.23051406 0.12110781 0.01102812
1 0.58297187 0.23806250 0.19094375 0.01362500
1 0.58817656 0.21234453 0.04822812 0.00281406
1 0.52870703 0.21586484 0.06991406 0.00672969
1 0.65808984 0.21601719 0.04742969 0.00703438
1 0.48184688 0.25715937 0.25119375 0.01744375
1 0.38248906 0.29228828 0.18060313 0.03770156
1 0.63429844 0.26842344 0.11234687 0.00872187
1 0.55853047 0.27150391 0.03893594 0.00863281
1 0.40647656 0.21007422 0.01607813 0.00452344
1 0.37723672 0.21707266 0.02322344 0.00602031
1 0.33634375 0.23038047 0.03518750 0.01388594
1 0.65910547 0.22840156 0.15258594 0.05992812
1 0.69498906 0.24382031 0.06810313 0.04389063
1 0.68137969 0.20374453 0.09400937 0.03873906
1 0.69067891 0.21480625 0.09698281 0.05148750
1 0.47014922 0.29770859 0.00592344 0.01729219
1 0.46383906 0.30903594 0.00892812 0.00557188
1 0.51178047 0.30539844 0.01731094 0.02642187
