1 0.66214219 0.21656406 0.00865937 0.06437812
1 0.64911094 0.26366172 0.01697188 0.03044844
1 0.75913906 0.17295234 0.12452812 0.01465469
1 0.69412344 0.10145078 0.12262188 0.00915156
1 0.76818359 0.01801172 0.07386719 0.01102344
1 0.66470234 0.02280859 0.09502969 0.00499219
1 0.66549687 0.15162109 0.03724375 0.00636719
1 0.63106484 0.15732734 0.03087969 0.00527969
1 0.78671250 0.12134688 0.06092500 0.00831875
1 0.79593125 0.07530937 0.04498750 0.00374375
1 0.69034766 0.23193359 0.00257031 0.05449219
1 0.54476172 0.45964687 0.08014844 0.06304375
1 0.51910547 0.14261484 0.01633594 0.00710469
1 0.54759531 0.14368594 0.02331563 0.00612188
1 0.59612813 0.15012813 0.02975625 0.00650625
1 0.57075078 0.15053750 0.02275156 0.00732500
