1 0.35535234 0.15653125 0.21695469 0.16618750
1 0.40270313 0.17588281 0.29915625 0.17364062
1 0.40611172 0.20986172 0.27784844 0.16034844
1 0.30440391 0.29119062 0.07130781 0.06363125
1 0.35303906 0.26970469 0.05295312 0.01753438
1 0.47995781 0.24481641 0.20991562 0.15525781
1 0.44045469 0.24987344 0.00590937 0.00599687
1 0.44806406 0.25653438 0.00862812 0.00994375
1 0.46336953 0.27219688 0.01736406 0.01314375
1 0.62785469 0.28619922 0.04008437 0.00989844
1 0.64932188 0.35471562 0.04864375 0.05005625
1 0.64660391 0.45543203 0.00883281 0.02336406
1 0.64793828 0.53302578 0.00525156 0.03167656
1 0.65292109 0.56606016 0.00584219 0.03524531
1 0.30123281 0.53348438 0.00246563 0.03571875
1 0.30256328 0.55737578 0.00200156 0.01162656
1 0.31223125 0.59040547 0.01508750 0.04643594
1 0.37123594 0.66672656 0.02059687 0.05220312
1 0.38890313 0.71719922 0.01530625 0.05002344
1 0.40234375 0.76150625 0.01093750 0.03863750
