1 0.51392422 0.20727109 0.19972344 0.02391719
1 0.48878906 0.23296797 0.00882812 0.02531094
1 0.54076484 0.18691563 0.00965469 0.03320625
1 0.40782109 0.19376016 0.03751719 0.00627031
1 0.60009453 0.21230703 0.01268906 0.02461406
1 0.34969453 0.23461250 0.18376406 0.04110000
1 0.37743750 0.25451406 0.20800000 0.03715312
1 0.39619219 0.27689297 0.02675937 0.06316094
1 0.42017656 0.28907812 0.00910313 0.04690625
1 0.55056875 0.24469844 0.07613750 0.01439687
1 0.49069219 0.27312266 0.00950938 0.04312031
1 0.63748125 0.22524062 0.13121250 0.01298125
1 0.62342812 0.26191875 0.06560625 0.06758750
1 0.66174609 0.25513516 0.12974219 0.03214531
1 0.64352500 0.19192422 0.08080000 0.00572344
1 0.69118750 0.17803594 0.07300000 0.02794687
1 0.70901250 0.20566641 0.02740000 0.02070781
1 0.66850000 0.20506094 0.03700000 0.00387188
1 0.73918750 0.21893906 0.09400000 0.08787812
1 0.74496250 0.20036797 0.08680000 0.08198594
1 0.72585000 0.24921641 0.03920000 0.03905781
1 0.74173750 0.24519141 0.03660000 0.04663281
1 0.75008750 0.24506562 0.04080000 0.07138125
1 0.64552109 0.27064766 0.05666719 0.00692031
1 0.63145859 0.25966094 0.00666719 0.02244687
1 0.70254141 0.28387422 0.06133281 0.02712344
1 0.45821953 0.17459766 0.01018906 0.04607031
1 0.50462812 0.27741641 0.01863125 0.03920781
1 0.45939297 0.31761094 0.02503594 0.05709688
1 0.45050234 0.27959375 0.04162969 0.01543750
1 0.32572109 0.21533594 0.15456719 0.06817187
1 0.49973906 0.30552813 0.05260312 0.01730625
1 0.43260625 0.31540703 0.04646250 0.03393906
1 0.54395859 0.31925703 0.03791719 0.08226406
