0 0.27617188 0.18554688 0.03359375 0.02421875
0 0.13671875 0.32148437 0.03281250 0.02421875
0 0.25429687 0.23320313 0.05546875 0.02265625
0 0.29804687 0.27031250 0.05546875 0.03125000
0 0.40507813 0.23945312 0.02890625 0.05078125
0 0.49804688 0.17890625 0.02734375 0.02343750
0 0.42851563 0.14296875 0.02890625 0.02031250
0 0.72500000 0.22265625 0.02187500 0.02343750
0 0.74101562 0.27265625 0.02578125 0.02968750
0 0.72617188 0.35117188 0.02421875 0.02421875
0 0.59335938 0.52187500 0.18671875 0.07500000
0 0.60078125 0.65117187 0.04218750 0.02421875
0 0.26367188 0.36132812 0.03359375 0.06015625
0 0.43203125 0.68398437 0.02968750 0.02421875
1 0.45312500 0.20390625 0.21562500 0.01093750
