0 0.53789062 0.37421875 0.04453125 0.02656250
0 0.45156250 0.23476563 0.02812500 0.01953125
0 0.33906250 0.25156250 0.05625000 0.03125000
0 0.51093750 0.16679688 0.03437500 0.02109375
0 0.74335938 0.17968750 0.04296875 0.04375000
0 0.79687500 0.23554687 0.02812500 0.02109375
1 0.80898437 0.27539062 0.17421875 0.03828125
0 0.46914062 0.11953125 0.01953125 0.01406250
0 0.30195312 0.46250000 0.02265625 0.02500000
0 0.81835938 0.33203125 0.03359375 0.01718750
0 0.75039062 0.39921875 0.02265625 0.02031250
0 0.36523438 0.15664063 0.01796875 0.01328125
0 0.30976562 0.22695313 0.01640625 0.01953125
