0 0.64218750 0.60078125 0.01875000 0.02031250
0 0.68984375 0.60468750 0.02343750 0.01250000
0 0.49257812 0.44921875 0.01953125 0.02031250
0 0.31835938 0.64335937 0.02421875 0.01484375
0 0.35117188 0.62773437 0.03359375 0.01796875
0 0.31640625 0.67226562 0.01406250 0.02265625
0 0.28046875 0.63046875 0.02968750 0.04531250
0 0.30390625 0.71835938 0.05156250 0.06484375
0 0.36054687 0.72656250 0.05546875 0.05625000
0 0.71328125 0.61914062 0.02343750 0.01640625
0 0.73710937 0.65390625 0.04296875 0.01718750
0 0.78046875 0.66132813 0.03906250 0.03515625
0 0.61835938 0.85976562 0.03046875 0.02578125
0 0.51523438 0.89023438 0.04609375 0.03359375
0 0.43945312 0.85507813 0.02890625 0.01953125
0 0.43476562 0.65351563 0.02890625 0.02265625
0 0.36953125 0.65273437 0.02031250 0.01484375
