0 0.50781250 0.58671875 0.03125000 0.04218750
0 0.57773438 0.56171875 0.05859375 0.06406250
0 0.65976563 0.58125000 0.02265625 0.01562500
0 0.67070312 0.65937500 0.04140625 0.04062500
0 0.49726562 0.63554687 0.03203125 0.02421875
0 0.55625000 0.64531250 0.06875000 0.04062500
0 0.55078125 0.69843750 0.03281250 0.04062500
0 0.53085938 0.73476562 0.03671875 0.02265625
0 0.49609375 0.67656250 0.02343750 0.02500000
0 0.60468750 0.69179687 0.04375000 0.04296875
0 0.69609375 0.70664063 0.04218750 0.02265625
0 0.62851563 0.73437500 0.04453125 0.03437500
0 0.63945312 0.61484375 0.03828125 0.03593750
0 0.60273438 0.66250000 0.02734375 0.01562500
0 0.69921875 0.57148438 0.02343750 0.01796875
0 0.68046875 0.85781250 0.03906250 0.02187500
0 0.78242188 0.89101562 0.03359375 0.03515625
0 0.77890625 0.61406250 0.02656250 0.02500000
0 0.74726563 0.72460938 0.02265625 0.01484375
0 0.68359375 0.74023438 0.03906250 0.01484375
0 0.87187500 0.41210938 0.02500000 0.02109375
