1 0.60098906 0.30876406 0.17697813 0.05190313
1 0.59283125 0.33438984 0.19816250 0.05627969
1 0.60092734 0.34711172 0.17060469 0.05047344
1 0.57834531 0.35536953 0.00356562 0.04511406
1 0.65250312 0.36294844 0.03000625 0.00714688
1 0.46864531 0.55984531 0.03416562 0.08844062
1 0.68203672 0.49219062 0.03594844 0.01250625
1 0.50565781 0.58022656 0.01756563 0.04170312
1 0.48977578 0.61845469 0.01392656 0.03378438
1 0.47928516 0.50022734 0.01794531 0.01607969
1 0.46673984 0.51136406 0.00535469 0.00710312
1 0.46000781 0.52281641 0.00751563 0.01438281
1 0.45263750 0.54016094 0.00840000 0.02094688
1 0.68317578 0.59420312 0.01010156 0.02590625
1 0.68680156 0.62382891 0.00172812 0.03203281
1 0.68253750 0.64783594 0.00570000 0.01754688
