0 0.50976562 0.70156250 0.02265625 0.01562500
0 0.62460938 0.36914062 0.00859375 0.01015625
0 0.58476562 0.34843750 0.01640625 0.00625000
0 0.72460938 0.48437500 0.02109375 0.01562500
0 0.71367187 0.53984375 0.01484375 0.01406250
0 0.58906250 0.49453125 0.02812500 0.01093750
0 0.58906250 0.58359375 0.03750000 0.02343750
0 0.62617188 0.53750000 0.01171875 0.00937500
0 0.61523438 0.54687500 0.01796875 0.01250000
0 0.61210937 0.64062500 0.02734375 0.01250000
0 0.63085938 0.65039062 0.01484375 0.01640625
0 0.64414063 0.62109375 0.01328125 0.01093750
0 0.61953125 0.60781250 0.01718750 0.00937500
0 0.59062500 0.60195312 0.01562500 0.01328125
0 0.63632813 0.58750000 0.01953125 0.01562500
0 0.73671875 0.57187500 0.01718750 0.02187500
0 0.76250000 0.71445313 0.02187500 0.01640625
0 0.67109375 0.75546875 0.01093750 0.01093750
0 0.64960938 0.74843750 0.01484375 0.00937500
0 0.55585938 0.69179687 0.02421875 0.01484375
0 0.52890625 0.67578125 0.02343750 0.01093750
0 0.61562500 0.67187500 0.01875000 0.01250000
0 0.57617188 0.71523437 0.01171875 0.01484375
0 0.60195312 0.75390625 0.01328125 0.01718750
0 0.56289062 0.76757812 0.01640625 0.01640625
0 0.53867188 0.62265625 0.01796875 0.01093750
0 0.44414063 0.70976562 0.01953125 0.01328125
