1 0.52917891 0.39093984 0.02085781 0.00375469
1 0.50190312 0.39100078 0.03505625 0.01012656
1 0.54644453 0.39350781 0.01476406 0.00264062
1 0.46925312 0.39887734 0.02913125 0.00400469
1 0.58053203 0.39992734 0.05168906 0.00922969
1 0.48392344 0.41150156 0.03347188 0.01362812
1 0.53236719 0.41207969 0.06160938 0.00853437
1 0.53017578 0.42771641 0.06972656 0.00855781
1 0.54634219 0.45047188 0.08018437 0.02281875
1 0.63914453 0.49750547 0.05641406 0.02313594
1 0.59684609 0.52818828 0.04056719 0.03137656
1 0.61301328 0.51467109 0.05102656 0.01996719
