0 0.55507812 0.36250000 0.01328125 0.01250000
0 0.55976563 0.39765625 0.01640625 0.01093750
0 0.58320313 0.41406250 0.01328125 0.01250000
0 0.56132812 0.65820312 0.01640625 0.01640625
0 0.58007812 0.73828125 0.02265625 0.02031250
0 0.47695312 0.74765625 0.01953125 0.02343750
0 0.40820312 0.62695312 0.02265625 0.02265625
0 0.44453125 0.57031250 0.01093750 0.01250000
0 0.40195313 0.48710938 0.01953125 0.01484375
0 0.62539062 0.76601562 0.01953125 0.01328125
0 0.46210937 0.84492188 0.02109375 0.01484375
