1 0.45264453 0.23544453 0.09903906 0.01463906
1 0.43250078 0.29915703 0.09000156 0.02331406
1 0.49032734 0.31791094 0.00252969 0.07644687
1 0.55441016 0.27662656 0.03694531 0.00325312
1 0.50516328 0.28440234 0.04470156 0.01567969
1 0.54119453 0.30507187 0.07301406 0.01951875
1 0.50565547 0.34050156 0.00506094 0.04662812
1 0.55352031 0.25177578 0.04766562 0.00355156
1 0.45041094 0.25496641 0.04457188 0.00680781
1 0.51223906 0.25865156 0.03385312 0.01105313
1 0.53222812 0.22885391 0.04570625 0.00770781
