0 0.42070313 0.20234375 0.02265625 0.01406250
0 0.38242188 0.22734375 0.02734375 0.02343750
0 0.61523438 0.19062500 0.05234375 0.00937500
0 0.67460937 0.17031250 0.05546875 0.01250000
0 0.67929688 0.22929688 0.05234375 0.01796875
0 0.60703125 0.26992187 0.05781250 0.01484375
0 0.27265625 0.47617188 0.03593750 0.01484375
0 0.22031250 0.48750000 0.03125000 0.01562500
0 0.41992188 0.48593750 0.05234375 0.02187500
0 0.44023438 0.57148438 0.02734375 0.02109375
0 0.61523438 0.55468750 0.03046875 0.01875000
