0 0.57304687 0.24414062 0.01796875 0.01015625
0 0.65273437 0.21250000 0.01796875 0.00937500
0 0.63710937 0.20351563 0.02109375 0.01015625
0 0.61757812 0.18437500 0.01640625 0.00625000
0 0.58671875 0.19843750 0.02031250 0.00937500
0 0.43320313 0.19609375 0.01640625 0.00781250
0 0.42500000 0.20625000 0.02812500 0.01250000
0 0.39531250 0.21796875 0.02187500 0.01093750
0 0.38281250 0.23085938 0.01875000 0.01796875
0 0.41640625 0.26093750 0.03593750 0.01875000
0 0.43945312 0.22382812 0.01640625 0.00703125
0 0.48281250 0.22968750 0.06875000 0.01562500
0 0.55937500 0.21601562 0.03750000 0.01015625
0 0.64648438 0.24921875 0.01484375 0.00781250
0 0.62265625 0.25820312 0.01093750 0.00703125
0 0.57421875 0.28906250 0.01406250 0.01562500
0 0.54492188 0.31093750 0.01796875 0.00937500
0 0.54609375 0.28789063 0.01093750 0.01328125
0 0.44765625 0.25078125 0.01406250 0.01093750
0 0.48515625 0.26406250 0.01406250 0.00937500
0 0.61796875 0.23007812 0.02343750 0.01015625
0 0.71523437 0.29296875 0.02109375 0.01093750
0 0.74726563 0.44062500 0.06015625 0.01562500
0 0.75000000 0.41835937 0.02500000 0.02109375
0 0.66523438 0.45781250 0.01796875 0.01562500
3 0.63398438 0.44453125 0.10546875 0.07343750
0 0.66484375 0.47734375 0.02343750 0.02031250
3 0.37031250 0.42656250 0.08437500 0.04062500
0 0.53515625 0.47226563 0.01406250 0.00703125
0 0.31250000 0.46914062 0.02500000 0.01015625
0 0.28203125 0.42968750 0.01406250 0.01250000
0 0.42109375 0.39843750 0.01406250 0.00625000
0 0.46328125 0.29687500 0.01093750 0.00625000
0 0.38359375 0.27500000 0.01718750 0.00937500
0 0.66328125 0.49726562 0.02656250 0.01328125
0 0.70898438 0.47031250 0.01796875 0.02187500
0 0.58867187 0.48085937 0.02109375 0.01171875
0 0.33203125 0.44882813 0.01093750 0.00703125
0 0.32070312 0.43554688 0.01640625 0.00859375
0 0.37773438 0.41640625 0.02109375 0.01093750
0 0.32031250 0.42304687 0.02187500 0.00859375
0 0.61015625 0.55703125 0.01718750 0.01093750
0 0.41601562 0.31250000 0.01640625 0.00625000
0 0.61289063 0.24375000 0.01640625 0.00625000
0 0.52851563 0.23085938 0.01640625 0.00546875
0 0.67343750 0.44218750 0.03125000 0.01562500
0 0.60273438 0.43085937 0.01796875 0.01171875
0 0.29218750 0.39531250 0.01250000 0.01875000
0 0.38242188 0.43359375 0.02109375 0.00781250
