0 0.80937500 0.68710938 0.03125000 0.01796875
0 0.40546875 0.60937500 0.03593750 0.01562500
0 0.37343750 0.60976562 0.02187500 0.01015625
0 0.45117188 0.55585938 0.04296875 0.01484375
0 0.40664062 0.56835938 0.03828125 0.01796875
0 0.43320313 0.48281250 0.03515625 0.02187500
0 0.54335937 0.45546875 0.08046875 0.00468750
0 0.52734375 0.42851563 0.03593750 0.01640625
0 0.54375000 0.39101562 0.08125000 0.03828125
0 0.37773438 0.32460937 0.02734375 0.01484375
0 0.34179688 0.29257813 0.01796875 0.01328125
0 0.36367187 0.26289062 0.04296875 0.04140625
0 0.41562500 0.26210937 0.03125000 0.01171875
0 0.46367188 0.22929688 0.03984375 0.02109375
0 0.42500000 0.28632812 0.02812500 0.01640625
0 0.45234375 0.27890625 0.02031250 0.01093750
0 0.43867187 0.33515625 0.02734375 0.02031250
0 0.38750000 0.37187500 0.02187500 0.01562500
0 0.35117188 0.40117188 0.02421875 0.01171875
0 0.37304688 0.41718750 0.03046875 0.01562500
0 0.43281250 0.36484375 0.02812500 0.02343750
0 0.41601562 0.37968750 0.02890625 0.01875000
0 0.54257813 0.50664062 0.03828125 0.01953125
0 0.57968750 0.47304687 0.02187500 0.01484375
0 0.57304687 0.49726562 0.02421875 0.01328125
0 0.61914062 0.55625000 0.04453125 0.01562500
0 0.55039063 0.57070312 0.01640625 0.01328125
0 0.51445312 0.54453125 0.02890625 0.01718750
0 0.48750000 0.51171875 0.05000000 0.02343750
0 0.63046875 0.50859375 0.01718750 0.01406250
0 0.61171875 0.47148438 0.02031250 0.01171875
0 0.52148438 0.46132812 0.02421875 0.01328125
0 0.48554687 0.42539063 0.02421875 0.01328125
0 0.47343750 0.38554688 0.03437500 0.03671875
0 0.43593750 0.44179687 0.03437500 0.03359375
0 0.35117188 0.49101563 0.03046875 0.01640625
0 0.38242188 0.51757812 0.03046875 0.01640625
0 0.26679687 0.47812500 0.03046875 0.02500000
0 0.22421875 0.47226563 0.05156250 0.02890625
0 0.24257813 0.51210937 0.02890625 0.02109375
0 0.20468750 0.50390625 0.02187500 0.01718750
0 0.50859375 0.62500000 0.02343750 0.01562500
0 0.54492188 0.60351562 0.02734375 0.01328125
0 0.47773437 0.59921875 0.03046875 0.01093750
0 0.46093750 0.62070313 0.05000000 0.01640625
0 0.34492187 0.57031250 0.04609375 0.01875000
0 0.35976562 0.55664062 0.03203125 0.02578125
0 0.33632812 0.53867188 0.03828125 0.01484375
0 0.25820312 0.54375000 0.05703125 0.01875000
0 0.30976562 0.51210937 0.03203125 0.01796875
0 0.36093750 0.46171875 0.03125000 0.01406250
0 0.23515625 0.43710938 0.03281250 0.02734375
0 0.26484375 0.42382812 0.02343750 0.01953125
0 0.51679688 0.48789063 0.02734375 0.01328125
0 0.47812500 0.47890625 0.03125000 0.02031250
0 0.41171875 0.52929688 0.02031250 0.01171875
0 0.41054687 0.50156250 0.02734375 0.01875000
0 0.38671875 0.47460938 0.03281250 0.02109375
0 0.62539062 0.44218750 0.03515625 0.01875000
0 0.50468750 0.32187500 0.02500000 0.01562500
0 0.44453125 0.40390625 0.04531250 0.01718750
0 0.22421875 0.64453125 0.02031250 0.01718750
0 0.21914063 0.57343750 0.03203125 0.01875000
0 0.26718750 0.50859375 0.02187500 0.01406250
3 0.50000000 0.42382812 0.19062500 0.09453125
