0 0.34140625 0.45664063 0.02968750 0.01640625
0 0.31484375 0.44296875 0.01718750 0.01406250
0 0.34804687 0.43125000 0.02109375 0.01562500
0 0.32148437 0.41718750 0.01484375 0.00937500
0 0.60078125 0.52421875 0.02343750 0.01718750
0 0.56640625 0.51406250 0.01718750 0.00937500
0 0.66289062 0.49062500 0.02890625 0.01875000
0 0.67734375 0.45585938 0.02343750 0.01484375
0 0.61992187 0.43437500 0.02109375 0.01250000
3 0.50429687 0.37265625 0.10546875 0.10156250
0 0.64960938 0.22109375 0.03046875 0.01718750
3 0.53125000 0.32812500 0.08750000 0.04062500
0 0.64765625 0.16640625 0.02031250 0.01406250
0 0.66796875 0.17304687 0.02343750 0.01171875
0 0.66289062 0.18789063 0.01640625 0.01328125
0 0.64140625 0.18085937 0.01406250 0.00859375
0 0.58945313 0.21601562 0.01640625 0.01015625
0 0.74218750 0.26562500 0.02187500 0.01250000
0 0.57226562 0.24140625 0.01328125 0.01406250
0 0.58750000 0.29414062 0.02187500 0.01015625
0 0.58281250 0.26718750 0.02187500 0.01875000
0 0.62304688 0.20703125 0.01796875 0.01093750
0 0.64726562 0.20195313 0.01640625 0.01015625
0 0.50390625 0.35898438 0.02968750 0.01171875
0 0.52968750 0.34375000 0.01875000 0.00937500
0 0.50117188 0.38242188 0.02109375 0.01171875
0 0.44414063 0.36796875 0.01640625 0.01093750
0 0.42226562 0.35546875 0.01640625 0.01406250
0 0.42500000 0.37421875 0.01562500 0.01406250
0 0.45156250 0.42460938 0.03125000 0.02109375
0 0.42031250 0.49453125 0.02500000 0.00781250
0 0.45781250 0.47500000 0.00937500 0.00937500
0 0.42773438 0.41953125 0.02734375 0.01406250
0 0.44218750 0.39375000 0.01562500 0.01250000
0 0.34960938 0.47695312 0.01796875 0.01328125
0 0.45859375 0.51718750 0.02656250 0.01562500
0 0.46015625 0.49296875 0.02031250 0.01406250
0 0.61562500 0.47929688 0.01562500 0.01171875
0 0.58789062 0.46054688 0.01953125 0.01171875
0 0.58320313 0.43437500 0.01640625 0.01250000
0 0.52617187 0.42812500 0.02109375 0.00937500
0 0.48437500 0.42617187 0.01250000 0.00859375
0 0.46250000 0.44296875 0.01562500 0.01093750
0 0.64101562 0.54570312 0.01640625 0.01015625
0 0.51406250 0.54062500 0.01875000 0.01250000
0 0.66132813 0.41835937 0.01640625 0.00859375
0 0.73984375 0.39218750 0.01718750 0.00937500
0 0.64335937 0.51640625 0.04921875 0.02968750
0 0.54882812 0.45625000 0.01640625 0.01250000
0 0.51835937 0.45039062 0.02109375 0.01015625
0 0.47851562 0.46445313 0.03515625 0.01953125
0 0.63867188 0.25703125 0.02109375 0.01093750
0 0.65937500 0.27460937 0.01875000 0.00859375
0 0.62382812 0.27734375 0.01953125 0.01093750
0 0.76093750 0.24843750 0.02812500 0.02187500
0 0.58125000 0.23007812 0.02500000 0.01015625
0 0.52109375 0.29843750 0.03281250 0.01250000
0 0.52187500 0.36875000 0.01875000 0.00937500
0 0.46757813 0.39257812 0.01640625 0.01328125
0 0.54296875 0.39882812 0.02343750 0.01328125
0 0.56679687 0.48046875 0.02734375 0.01093750
0 0.51210937 0.49726562 0.02109375 0.01015625
0 0.42929688 0.45078125 0.02109375 0.01406250
0 0.40156250 0.44335938 0.01250000 0.01171875
0 0.48320313 0.53671875 0.03828125 0.01718750
0 0.53671875 0.51953125 0.03593750 0.02343750
0 0.49179688 0.48632812 0.02109375 0.01328125
0 0.35000000 0.38593750 0.01562500 0.01562500
