0 0.62148437 0.66210938 0.01796875 0.01171875
0 0.60351562 0.65039062 0.04765625 0.01015625
0 0.31679687 0.63593750 0.01484375 0.01562500
0 0.29726562 0.64335937 0.01640625 0.01171875
0 0.29804687 0.70625000 0.02421875 0.02187500
0 0.27031250 0.68945312 0.03125000 0.01328125
0 0.24101563 0.64570313 0.01953125 0.02578125
0 0.63750000 0.69843750 0.01250000 0.01875000
0 0.61484375 0.71250000 0.01718750 0.03437500
0 0.66445312 0.67421875 0.01328125 0.01406250
0 0.31328125 0.67460937 0.02656250 0.01484375
0 0.26640625 0.67617187 0.03906250 0.01796875
0 0.34843750 0.43242188 0.02500000 0.01484375
0 0.42656250 0.43867187 0.04062500 0.01796875
0 0.55703125 0.46562500 0.02031250 0.01250000
