1 0.40410937 0.39579922 0.10509375 0.03222344
1 0.51420156 0.39003516 0.17527813 0.03944531
1 0.37827578 0.42198750 0.01280156 0.00960000
1 0.36617422 0.43048984 0.01047344 0.00785469
1 0.41456953 0.43588516 0.02601406 0.00302031
1 0.38983984 0.43999219 0.02342969 0.00810937
1 0.37390547 0.44720000 0.01031094 0.00690000
1 0.44820859 0.47837891 0.01204219 0.03800781
1 0.53288437 0.35398750 0.14076875 0.02047500
1 0.48706484 0.44092812 0.00850469 0.06310625
1 0.56468672 0.39769844 0.02312344 0.00477187
1 0.54645703 0.40455078 0.00853906 0.00597656
1 0.53455234 0.41320313 0.01597969 0.01078125
1 0.49357969 0.32479219 0.04028437 0.01208438
1 0.43699766 0.35497109 0.04274531 0.00369219
1 0.46808672 0.47360078 0.00492344 0.04095156
1 0.35661406 0.48045859 0.02260313 0.03591719
1 0.40067578 0.48394609 0.00447656 0.02414219
1 0.38840781 0.48759922 0.01119063 0.03457344
1 0.47344141 0.31476953 0.00313281 0.02953906
1 0.39969844 0.66975078 0.00564687 0.02075156
1 0.39373281 0.69638516 0.00621563 0.03027031
1 0.37712187 0.67543516 0.00111875 0.03524531
1 0.38025937 0.50270938 0.01051875 0.02416875
1 0.58694844 0.46343828 0.00514687 0.03625156
1 0.39925312 0.36000625 0.02663125 0.01376250
