3 0.34882812 0.47929688 0.12265625 0.12734375
3 0.67187500 0.46914062 0.11562500 0.10078125
3 0.49375000 0.45234375 0.06562500 0.06093750
0 0.62890625 0.16367187 0.02656250 0.02109375
0 0.48203125 0.30195312 0.02031250 0.01328125
0 0.58320313 0.55390625 0.01953125 0.01406250
1 0.65703125 0.58750000 0.03593750 0.07812500
0 0.39062500 0.54492188 0.02187500 0.01484375
0 0.28242187 0.57460937 0.01796875 0.01484375
0 0.45429687 0.23750000 0.02109375 0.01250000
0 0.44140625 0.11367188 0.02343750 0.01484375
