3 0.45976563 0.47382812 0.18515625 0.04140625
3 0.47460938 0.52226562 0.08046875 0.06640625
0 0.54921875 0.56484375 0.01718750 0.01406250
0 0.40976563 0.70546875 0.01640625 0.01093750
0 0.42578125 0.73359375 0.02343750 0.01093750
0 0.43242188 0.70429688 0.01484375 0.01171875
0 0.38867188 0.60117188 0.01796875 0.01796875
0 0.38750000 0.54843750 0.02187500 0.01562500
0 0.45859375 0.59140625 0.02031250 0.02031250
3 0.74453125 0.49531250 0.06406250 0.07500000
0 0.59726563 0.38320312 0.01953125 0.01640625
0 0.52343750 0.27265625 0.01562500 0.01093750
0 0.60117188 0.57968750 0.01796875 0.01250000
0 0.44648437 0.68750000 0.01171875 0.00937500
0 0.44101563 0.66796875 0.01328125 0.01093750
