0 0.45585938 0.52773437 0.02421875 0.01484375
0 0.19023438 0.46210937 0.02421875 0.02109375
0 0.29453125 0.36367187 0.02031250 0.01796875
0 0.55742187 0.31562500 0.02109375 0.01250000
0 0.47968750 0.34179688 0.01875000 0.01484375
0 0.62382812 0.42304687 0.01640625 0.01796875
0 0.60117188 0.39570312 0.01484375 0.01640625
0 0.56093750 0.40234375 0.01250000 0.01093750
0 0.59296875 0.54335937 0.02968750 0.02421875
0 0.56562500 0.53789062 0.03125000 0.02578125
0 0.53007812 0.61015625 0.01328125 0.01406250
0 0.56757813 0.64609375 0.02265625 0.02656250
0 0.60468750 0.62929687 0.01875000 0.01796875
0 0.52812500 0.77773437 0.01562500 0.01796875
0 0.40195313 0.81445312 0.02890625 0.01953125
0 0.55937500 0.49179688 0.02500000 0.01484375
0 0.54765625 0.42226562 0.01718750 0.01328125
0 0.52421875 0.31289062 0.03281250 0.03515625
0 0.18046875 0.26484375 0.02031250 0.02968750
0 0.28320312 0.25039062 0.02265625 0.01953125
0 0.22382812 0.25820312 0.02578125 0.01953125
0 0.25351563 0.25273438 0.01953125 0.01796875
0 0.19335938 0.29531250 0.01484375 0.01562500
0 0.35937500 0.25898437 0.03125000 0.01484375
0 0.54843750 0.35820313 0.04062500 0.04765625
3 0.43632813 0.57539063 0.12578125 0.08828125
