1 0.33593750 0.63437500 0.02812500 0.03125000
1 0.43710938 0.68867188 0.08359375 0.01796875
1 0.57031250 0.61406250 0.02812500 0.03125000
1 0.42148438 0.35351562 0.01796875 0.03515625
1 0.35937500 0.56679687 0.01562500 0.01796875
1 0.35078125 0.59531250 0.02343750 0.03437500
1 0.55156250 0.58007812 0.03437500 0.03828125
0 0.27265625 0.50585938 0.02656250 0.02421875
0 0.34296875 0.53828125 0.02343750 0.01718750
0 0.25546875 0.44492188 0.01406250 0.01171875
0 0.30664062 0.51171875 0.01953125 0.01406250
0 0.63554687 0.48203125 0.02109375 0.02968750
0 0.63398438 0.51015625 0.03046875 0.01718750
0 0.28554687 0.56015625 0.02109375 0.01406250
0 0.51796875 0.71093750 0.02343750 0.01250000
0 0.60429687 0.54726562 0.00546875 0.01328125
0 0.61953125 0.55781250 0.01093750 0.00937500
3 0.35351562 0.51328125 0.04140625 0.02031250
