1 0.41322734 0.12319375 0.04832969 0.02451250
1 0.36959375 0.14699453 0.03918750 0.02523906
1 0.33210547 0.16851875 0.03296094 0.01516250
1 0.28423672 0.18659687 0.06534844 0.02319375
1 0.36542422 0.17378828 0.07772344 0.05695156
1 0.47858906 0.16164297 0.03217812 0.01078594
1 0.43018125 0.16602734 0.03223750 0.01330469
1 0.39273359 0.18929062 0.04484219 0.03170625
1 0.30110625 0.23879453 0.06471250 0.01196406
1 0.25954375 0.23655703 0.05033750 0.02936406
1 0.45330781 0.18644375 0.03161562 0.00726250
1 0.42418125 0.19666250 0.02648750 0.01207500
1 0.39787109 0.21562891 0.02699219 0.02500781
1 0.28959531 0.27131797 0.04794062 0.01138594
1 0.56686406 0.34713047 0.05872813 0.03176094
1 0.58614219 0.36440469 0.05353438 0.01318437
1 0.55964141 0.41867734 0.04428281 0.03110469
1 0.62584766 0.54943906 0.02357031 0.09887812
1 0.54706719 0.42535234 0.04413437 0.01945469
1 0.57499531 0.44604844 0.01249063 0.02022188
1 0.58949219 0.47266719 0.01648438 0.03283438
1 0.59187266 0.55459531 0.02437031 0.14981563
1 0.61165703 0.55470391 0.02956406 0.11565781
