0 0.51796875 0.33867188 0.02656250 0.02109375
0 0.42460938 0.41679688 0.02421875 0.01484375
0 0.43476562 0.43984375 0.02890625 0.00781250
0 0.44531250 0.46015625 0.01875000 0.01406250
0 0.52968750 0.46367188 0.01875000 0.00546875
0 0.54726562 0.48632812 0.01328125 0.00703125
0 0.42070313 0.56015625 0.03203125 0.01718750
0 0.43945312 0.53750000 0.02265625 0.01250000
0 0.46367188 0.52031250 0.01484375 0.01562500
0 0.49609375 0.52656250 0.01718750 0.01562500
0 0.51992187 0.54062500 0.01796875 0.02187500
0 0.35117188 0.59414062 0.02421875 0.01640625
0 0.39101562 0.62187500 0.02890625 0.02187500
0 0.39531250 0.58828125 0.02500000 0.02031250
0 0.33789062 0.57109375 0.01328125 0.00781250
0 0.32304688 0.68710938 0.02421875 0.01171875
0 0.50273437 0.58085937 0.01796875 0.01171875
0 0.58476562 0.54062500 0.01640625 0.02812500
0 0.39687500 0.73554688 0.01875000 0.01171875
0 0.43320313 0.61757812 0.01640625 0.01640625
0 0.43281250 0.64257812 0.03125000 0.01953125
0 0.43984375 0.74843750 0.01718750 0.01250000
0 0.36445312 0.79335937 0.01953125 0.01796875
0 0.49023438 0.71289062 0.02109375 0.01328125
0 0.43281250 0.70078125 0.01562500 0.01406250
0 0.43593750 0.67929688 0.01562500 0.01171875
0 0.39804688 0.69726562 0.01171875 0.01015625
0 0.58593750 0.61875000 0.01562500 0.01562500
0 0.61093750 0.59335938 0.02500000 0.01484375
0 0.54726562 0.61445313 0.01953125 0.01640625
0 0.38906250 0.49453125 0.02812500 0.02343750
0 0.46367188 0.37656250 0.02109375 0.02500000
0 0.57148438 0.73476562 0.02109375 0.01640625
0 0.61953125 0.64101562 0.03281250 0.02890625
0 0.54726562 0.59648437 0.02890625 0.01484375
0 0.47031250 0.62851563 0.02500000 0.01953125
3 0.53593750 0.67109375 0.06250000 0.04218750
3 0.55664062 0.77148438 0.04140625 0.02421875
3 0.41718750 0.57851562 0.03437500 0.02265625
3 0.47304687 0.60195312 0.03984375 0.02578125
3 0.48007813 0.55390625 0.02890625 0.02031250
3 0.56679687 0.56757813 0.04296875 0.02265625
3 0.49921875 0.62148437 0.03281250 0.03671875
3 0.39609375 0.52226562 0.03593750 0.01953125
3 0.44609375 0.50273437 0.02031250 0.03671875
3 0.41250000 0.54179687 0.05000000 0.03359375
1 0.63320312 0.69843750 0.04140625 0.07187500
0 0.54921875 0.63085938 0.05468750 0.02109375
0 0.41484375 0.45937500 0.02656250 0.01562500
1 0.65390625 0.79726562 0.03593750 0.04453125
