0 0.40468750 0.25390625 0.01875000 0.01406250
0 0.52109375 0.19492187 0.02031250 0.01484375
0 0.54843750 0.21523438 0.01875000 0.02109375
0 0.61523438 0.17929687 0.03046875 0.01171875
0 0.58359375 0.19921875 0.02343750 0.01093750
0 0.75625000 0.25390625 0.02500000 0.01406250
0 0.74765625 0.28476563 0.02031250 0.01328125
0 0.42578125 0.20000000 0.02031250 0.01562500
0 0.56875000 0.16875000 0.01562500 0.01562500
0 0.54140625 0.18125000 0.03593750 0.01250000
0 0.47890625 0.19062500 0.02343750 0.01875000
0 0.45078125 0.23125000 0.02656250 0.01250000
0 0.33007812 0.32617188 0.02265625 0.01796875
0 0.28125000 0.38398437 0.01875000 0.01796875
3 0.41953125 0.46640625 0.03593750 0.03593750
3 0.39687500 0.49921875 0.06875000 0.02343750
3 0.41953125 0.67109375 0.03593750 0.02343750
3 0.39062500 0.54882812 0.04375000 0.02578125
3 0.41640625 0.62578125 0.02031250 0.02031250
3 0.33359375 0.43281250 0.03906250 0.02812500
3 0.56523437 0.76367188 0.02109375 0.02109375
3 0.46718750 0.68750000 0.01875000 0.01875000
3 0.36171875 0.62539062 0.03281250 0.01640625
3 0.36367187 0.46835938 0.03984375 0.01484375
