0 0.60234375 0.26718750 0.02968750 0.01250000
0 0.57812500 0.27500000 0.02187500 0.01562500
0 0.51601562 0.18203125 0.04765625 0.01406250
0 0.45585938 0.23632812 0.02109375 0.01640625
0 0.43867187 0.25000000 0.02734375 0.01875000
0 0.48710938 0.28554687 0.03046875 0.00546875
0 0.71953125 0.28203125 0.01406250 0.01718750
0 0.60742188 0.15937500 0.01796875 0.01250000
0 0.68750000 0.29843750 0.02187500 0.02187500
0 0.54726562 0.23281250 0.02890625 0.01875000
0 0.31367187 0.53750000 0.02109375 0.01250000
0 0.25156250 0.47070312 0.02500000 0.01328125
0 0.22929688 0.53085938 0.03046875 0.02421875
0 0.26835938 0.59687500 0.05234375 0.02500000
0 0.29531250 0.65390625 0.02812500 0.02031250
0 0.33359375 0.65351563 0.02343750 0.01640625
0 0.41015625 0.55664062 0.02031250 0.01328125
0 0.46093750 0.54570312 0.02812500 0.01328125
0 0.38593750 0.53671875 0.01875000 0.01093750
0 0.36015625 0.54570312 0.02656250 0.01015625
0 0.25039062 0.55976563 0.02890625 0.01328125
0 0.38671875 0.63437500 0.02343750 0.01562500
0 0.26718750 0.39296875 0.02187500 0.01093750
0 0.26054688 0.31445312 0.01796875 0.01328125
0 0.22617187 0.41367188 0.02421875 0.01484375
0 0.21796875 0.47578125 0.02031250 0.02031250
0 0.33828125 0.59335938 0.01718750 0.01171875
0 0.31679687 0.62343750 0.02109375 0.01875000
0 0.30664062 0.59375000 0.02578125 0.01562500
0 0.35000000 0.71132812 0.02500000 0.01640625
3 0.47500000 0.58046875 0.05937500 0.04218750
3 0.51171875 0.52109375 0.03593750 0.02968750
