3 0.51953125 0.53007812 0.13281250 0.08515625
0 0.34726563 0.26992187 0.02578125 0.02109375
0 0.31757812 0.30703125 0.04140625 0.03281250
0 0.24257813 0.27773437 0.02578125 0.01484375
0 0.28203125 0.23476563 0.04218750 0.02265625
0 0.39882812 0.31054688 0.02578125 0.01484375
0 0.62812500 0.28476563 0.02812500 0.02890625
0 0.37226562 0.74179688 0.03515625 0.02734375
0 0.56992188 0.73984375 0.03046875 0.02031250
0 0.53750000 0.67773438 0.02812500 0.01796875
0 0.60937500 0.54257813 0.02812500 0.01640625
0 0.66757813 0.56796875 0.04140625 0.02656250
0 0.59687500 0.58476562 0.02500000 0.01640625
0 0.59843750 0.66054687 0.02187500 0.01171875
0 0.61953125 0.64726562 0.01406250 0.01953125
0 0.64375000 0.62070313 0.02187500 0.01640625
0 0.65820312 0.64492187 0.02578125 0.01796875
0 0.70664063 0.62109375 0.02578125 0.02343750
0 0.69687500 0.59453125 0.02187500 0.01406250
0 0.69062500 0.65039062 0.01875000 0.02265625
0 0.61406250 0.68515625 0.02500000 0.01093750
0 0.58515625 0.68515625 0.02343750 0.01718750
0 0.65117187 0.66835937 0.02109375 0.01171875
0 0.67539063 0.62421875 0.01953125 0.01718750
0 0.61523438 0.49570313 0.03046875 0.02578125
0 0.27890625 0.17500000 0.02343750 0.02500000
0 0.40078125 0.16210938 0.01406250 0.01171875
0 0.44804688 0.22890625 0.02109375 0.01718750
0 0.44257812 0.25039062 0.02578125 0.01640625
0 0.49960938 0.23359375 0.03359375 0.01718750
0 0.50976562 0.17109375 0.02265625 0.01718750
0 0.30585937 0.21601562 0.02109375 0.01640625
0 0.35859375 0.20039062 0.02343750 0.01640625
0 0.31953125 0.18242188 0.02031250 0.01484375
0 0.33710937 0.15585937 0.02734375 0.01484375
0 0.74765625 0.45507812 0.02656250 0.02265625
0 0.70429688 0.48203125 0.02734375 0.01406250
0 0.73085937 0.54531250 0.01796875 0.02812500
0 0.69335938 0.55156250 0.02109375 0.01562500
