0 0.47460938 0.34179688 0.03984375 0.02734375
0 0.39179687 0.28320312 0.03359375 0.02265625
0 0.45195313 0.27539062 0.04453125 0.01953125
0 0.58945313 0.30937500 0.03828125 0.01875000
0 0.53632813 0.31210938 0.02578125 0.01796875
0 0.53906250 0.39335938 0.03437500 0.02109375
0 0.50507813 0.36132812 0.04453125 0.01640625
0 0.49023438 0.39609375 0.02734375 0.02031250
0 0.48750000 0.42304687 0.02500000 0.01796875
0 0.39804688 0.37460938 0.02109375 0.01796875
0 0.39375000 0.31289062 0.02187500 0.01640625
0 0.34218750 0.31992188 0.01875000 0.01171875
0 0.69960937 0.34960938 0.02109375 0.01171875
0 0.30468750 0.57890625 0.02187500 0.02031250
