0 0.55507812 0.37929687 0.03203125 0.02421875
0 0.59296875 0.40585938 0.02656250 0.01796875
0 0.51679688 0.29921875 0.02421875 0.01718750
0 0.52343750 0.33242187 0.03125000 0.01484375
0 0.24843750 0.31054688 0.03125000 0.01796875
0 0.27187500 0.33007812 0.02500000 0.01328125
0 0.30078125 0.35507813 0.03281250 0.01953125
0 0.26523438 0.36718750 0.02109375 0.02187500
0 0.19531250 0.35195312 0.03125000 0.01953125
0 0.19960938 0.30000000 0.02421875 0.01875000
0 0.20429687 0.26875000 0.02109375 0.01250000
0 0.24492188 0.25859375 0.02421875 0.01718750
0 0.17812500 0.31289062 0.02500000 0.01953125
0 0.29531250 0.27343750 0.02187500 0.01875000
0 0.35507813 0.27148438 0.02578125 0.01484375
