0 0.32773438 0.53554687 0.03046875 0.02109375
0 0.36132812 0.52812500 0.01640625 0.00937500
0 0.39179687 0.51953125 0.01796875 0.01406250
0 0.58164063 0.52460938 0.02265625 0.01171875
0 0.31562500 0.45664063 0.01250000 0.01328125
0 0.31679687 0.56718750 0.02109375 0.02187500
0 0.52656250 0.62968750 0.02187500 0.00937500
0 0.48046875 0.62148437 0.01718750 0.00859375
0 0.61367187 0.59492188 0.01484375 0.01171875
0 0.63906250 0.57539063 0.01562500 0.01328125
0 0.36289063 0.58984375 0.01640625 0.01406250
0 0.51328125 0.26562500 0.01406250 0.01562500
3 0.38476562 0.45156250 0.09765625 0.04375000
3 0.63164062 0.45234375 0.07890625 0.04531250
0 0.35976562 0.51015625 0.01640625 0.01093750
0 0.62539062 0.52226562 0.02578125 0.01953125
0 0.68828125 0.50195312 0.02031250 0.01640625
0 0.29414062 0.48046875 0.01640625 0.01093750
0 0.37265625 0.48398438 0.02031250 0.01484375
