0 0.37734375 0.26093750 0.03593750 0.01562500
0 0.46171875 0.27187500 0.03281250 0.01562500
0 0.47578125 0.30000000 0.04218750 0.02187500
0 0.54140625 0.26992187 0.02968750 0.02109375
0 0.57578125 0.26054688 0.02343750 0.01796875
0 0.59804687 0.28789063 0.03046875 0.02265625
0 0.35312500 0.30546875 0.02812500 0.01718750
0 0.49687500 0.36445312 0.03125000 0.01640625
0 0.43085937 0.48476562 0.01484375 0.01328125
0 0.61796875 0.49375000 0.02343750 0.01562500
0 0.60898438 0.51875000 0.03046875 0.01250000
0 0.51015625 0.71562500 0.02656250 0.01250000
0 0.51796875 0.68359375 0.02343750 0.01718750
0 0.45195313 0.69101563 0.03828125 0.01640625
0 0.41523437 0.70507812 0.02109375 0.01015625
0 0.42031250 0.72617188 0.02187500 0.01171875
0 0.51640625 0.73398438 0.02343750 0.00859375
0 0.48593750 0.73671875 0.02187500 0.01093750
0 0.47421875 0.71289062 0.02031250 0.01328125
0 0.54101562 0.71484375 0.01953125 0.01718750
0 0.45742187 0.73906250 0.01796875 0.00625000
0 0.70390625 0.51289063 0.02656250 0.01328125
0 0.67304688 0.50585938 0.01484375 0.01484375
0 0.39179687 0.29882812 0.02109375 0.01328125
0 0.41484375 0.24023438 0.02343750 0.01484375
0 0.51484375 0.30703125 0.02031250 0.01718750
0 0.55312500 0.30468750 0.02187500 0.02187500
0 0.57109375 0.22773437 0.02656250 0.01484375
0 0.48046875 0.24648438 0.02343750 0.01484375
