0 0.33945313 0.23125000 0.03828125 0.02187500
0 0.38203125 0.21992187 0.03906250 0.02421875
0 0.31953125 0.20781250 0.02656250 0.01875000
0 0.28750000 0.25117187 0.03125000 0.01484375
0 0.26210937 0.25742188 0.02421875 0.02109375
0 0.27812500 0.32578125 0.01875000 0.01406250
0 0.26953125 0.22578125 0.02343750 0.02031250
0 0.31093750 0.19023438 0.01875000 0.01171875
0 0.36132812 0.18671875 0.02265625 0.01718750
0 0.41171875 0.18320312 0.01406250 0.01328125
0 0.45078125 0.21757813 0.02656250 0.01328125
0 0.55585938 0.46679688 0.01796875 0.01484375
0 0.49335937 0.44101563 0.01796875 0.01328125
0 0.45117188 0.44218750 0.01484375 0.00937500
0 0.42851563 0.45703125 0.01953125 0.01406250
0 0.41992188 0.47304687 0.02109375 0.00859375
0 0.35117188 0.71093750 0.02109375 0.01250000
0 0.31796875 0.71484375 0.02968750 0.01406250
0 0.32070312 0.67773438 0.01640625 0.01796875
0 0.42968750 0.61171875 0.02187500 0.01093750
0 0.43867187 0.64687500 0.01171875 0.01562500
0 0.43281250 0.70234375 0.02187500 0.01406250
0 0.48554687 0.55976563 0.01171875 0.01015625
0 0.49492188 0.57460937 0.02109375 0.01171875
0 0.61718750 0.53046875 0.01250000 0.00781250
0 0.63828125 0.46875000 0.02656250 0.03125000
0 0.27578125 0.41210938 0.01718750 0.01484375
0 0.25976562 0.30039063 0.01953125 0.01015625
