0 0.51796875 0.30390625 0.02656250 0.01718750
0 0.48007813 0.27226563 0.02265625 0.01328125
0 0.62343750 0.28437500 0.02500000 0.01562500
0 0.62578125 0.31562500 0.02343750 0.01250000
0 0.67851562 0.29062500 0.01640625 0.01250000
0 0.66054687 0.27148438 0.02109375 0.01171875
0 0.63359375 0.38476562 0.02343750 0.01328125
0 0.57695312 0.28554687 0.02890625 0.01171875
0 0.35000000 0.50156250 0.00937500 0.00937500
0 0.39531250 0.49453125 0.01875000 0.01093750
0 0.31015625 0.51679688 0.01718750 0.01171875
0 0.39570312 0.63750000 0.02265625 0.01875000
0 0.36796875 0.60429687 0.01406250 0.01171875
0 0.42734375 0.60625000 0.01718750 0.01562500
0 0.39609375 0.60000000 0.01406250 0.01250000
0 0.46914062 0.60781250 0.01953125 0.01562500
0 0.43554688 0.66328125 0.01171875 0.01093750
0 0.62500000 0.71171875 0.03750000 0.01093750
0 0.62109375 0.73203125 0.02656250 0.01093750
0 0.36484375 0.37539062 0.02031250 0.01640625
0 0.63750000 0.30351563 0.02187500 0.01015625
0 0.46406250 0.72265625 0.02187500 0.01718750
0 0.56484375 0.74843750 0.04218750 0.02812500
0 0.30312500 0.58671875 0.02500000 0.01718750
0 0.42773438 0.57187500 0.01796875 0.01562500
0 0.34609375 0.48164062 0.02031250 0.00703125
0 0.39960937 0.44960937 0.01171875 0.01171875
0 0.66445312 0.73750000 0.01328125 0.01562500
