0 0.28046875 0.45351562 0.04531250 0.06015625
0 0.39921875 0.54296875 0.05781250 0.07968750
0 0.33593750 0.61679688 0.09375000 0.08671875
0 0.20507812 0.64609375 0.03828125 0.07031250
0 0.79648438 0.69101563 0.06484375 0.11015625
0 0.27656250 0.71328125 0.07187500 0.07343750
0 0.18046875 0.74101562 0.05781250 0.06328125
0 0.38750000 0.85195312 0.07187500 0.06328125
0 0.28789063 0.88867188 0.06015625 0.08359375
0 0.72109375 0.89023438 0.06718750 0.08671875
0 0.41914062 0.17304687 0.06015625 0.08671875
0 0.46523437 0.18593750 0.06484375 0.09687500
