0 0.53125000 0.33554688 0.03125000 0.02421875
0 0.56054688 0.23984375 0.02109375 0.01406250
0 0.55625000 0.26406250 0.02187500 0.01250000
0 0.61875000 0.36953125 0.01562500 0.01406250
0 0.66718750 0.36250000 0.02187500 0.00937500
0 0.70078125 0.35546875 0.01718750 0.01093750
0 0.78632813 0.33007812 0.02265625 0.01328125
0 0.73007813 0.27500000 0.01640625 0.01250000
0 0.37890625 0.51601562 0.01718750 0.01015625
3 0.52851563 0.54375000 0.07265625 0.05937500
3 0.42421875 0.53046875 0.03281250 0.02968750
0 0.44882813 0.60351562 0.03515625 0.02578125
0 0.40742187 0.57382813 0.01796875 0.01640625
3 0.69765625 0.53398437 0.05156250 0.03359375
