0 0.41015625 0.38007812 0.04218750 0.02265625
0 0.40468750 0.33984375 0.01875000 0.01093750
0 0.53242188 0.34882812 0.02734375 0.01328125
0 0.54257813 0.36875000 0.02578125 0.01562500
0 0.52109375 0.43750000 0.02968750 0.01875000
0 0.45039062 0.43671875 0.02265625 0.01406250
0 0.46093750 0.41132812 0.02812500 0.01953125
0 0.53437500 0.32265625 0.01875000 0.01406250
0 0.45937500 0.29687500 0.04375000 0.01562500
0 0.41093750 0.29335937 0.02500000 0.01171875
0 0.41289063 0.31328125 0.01953125 0.01093750
0 0.50585938 0.28984375 0.02421875 0.01093750
0 0.58085937 0.31484375 0.03046875 0.01406250
0 0.53945312 0.51289063 0.01953125 0.01328125
0 0.41328125 0.52148438 0.02031250 0.01484375
0 0.35351562 0.54414063 0.02265625 0.01015625
0 0.59140625 0.54570312 0.02343750 0.01640625
0 0.61562500 0.58515625 0.01250000 0.00781250
0 0.38632813 0.57578125 0.01328125 0.01093750
0 0.40351562 0.58085937 0.01015625 0.01171875
0 0.58515625 0.56835938 0.01718750 0.01484375
0 0.55078125 0.52773437 0.01093750 0.00859375
0 0.51250000 0.49375000 0.00937500 0.00937500
0 0.38046875 0.39921875 0.01718750 0.01093750
0 0.42070313 0.39843750 0.01953125 0.00937500
