0 0.58789062 0.12265625 0.03515625 0.02343750
0 0.64179688 0.18632813 0.03046875 0.02578125
0 0.30234375 0.31015625 0.02656250 0.02031250
0 0.27031250 0.32226562 0.02187500 0.01015625
0 0.27539062 0.34296875 0.03203125 0.01406250
0 0.50781250 0.40312500 0.03125000 0.02187500
0 0.47773437 0.41718750 0.02421875 0.01250000
0 0.57109375 0.66484375 0.06406250 0.04531250
0 0.52578125 0.67851562 0.04531250 0.02578125
0 0.48554687 0.67460937 0.06171875 0.04296875
0 0.44257812 0.63671875 0.06953125 0.05156250
0 0.37617187 0.58945313 0.03046875 0.01640625
0 0.39414063 0.62929687 0.04140625 0.03984375
0 0.30078125 0.48437500 0.04531250 0.02500000
0 0.27070312 0.51523438 0.04140625 0.01796875
0 0.41015625 0.56093750 0.02968750 0.02187500
0 0.37304688 0.56250000 0.03046875 0.01875000
0 0.42187500 0.53007812 0.04062500 0.02578125
0 0.39023438 0.53203125 0.03046875 0.02031250
0 0.36835937 0.48476562 0.03671875 0.02578125
0 0.44140625 0.47304687 0.02656250 0.01484375
0 0.32890625 0.40664062 0.02343750 0.02265625
0 0.34882812 0.43593750 0.02890625 0.02187500
0 0.37773438 0.42929688 0.03984375 0.02109375
0 0.41171875 0.46093750 0.02968750 0.01875000
0 0.27265625 0.41562500 0.02656250 0.01875000
0 0.28242187 0.45625000 0.05234375 0.02500000
0 0.55390625 0.69570312 0.03906250 0.02578125
0 0.59453125 0.70039063 0.04218750 0.03828125
0 0.29062500 0.27304688 0.03125000 0.02421875
