0 0.61484375 0.48242188 0.02656250 0.02109375
0 0.72812500 0.49296875 0.03437500 0.01718750
0 0.62421875 0.51210937 0.03281250 0.01484375
0 0.57304687 0.46406250 0.01796875 0.01562500
0 0.53828125 0.63437500 0.01718750 0.00937500
0 0.69531250 0.27226563 0.01875000 0.01328125
0 0.60898438 0.28164062 0.02109375 0.01328125
0 0.71562500 0.30156250 0.02812500 0.01875000
0 0.61562500 0.44726562 0.02500000 0.01328125
0 0.70351562 0.40585938 0.04140625 0.03359375
0 0.53945312 0.49492188 0.01953125 0.01796875
0 0.57890625 0.48476562 0.02968750 0.01640625
0 0.57382813 0.43750000 0.03203125 0.02500000
0 0.73437500 0.46875000 0.02812500 0.01875000
