0 0.54726562 0.35976562 0.04765625 0.02265625
0 0.28867188 0.33906250 0.03046875 0.00937500
0 0.27617188 0.52890625 0.02109375 0.00781250
0 0.19921875 0.57460937 0.06093750 0.01796875
0 0.78359375 0.53085938 0.02656250 0.01796875
0 0.79804688 0.58593750 0.03359375 0.01875000
0 0.83984375 0.64335937 0.03281250 0.02109375
0 0.78750000 0.63710937 0.02500000 0.01484375
0 0.65820312 0.72031250 0.02265625 0.01250000
0 0.75312500 0.71406250 0.03125000 0.01250000
0 0.76601562 0.58085937 0.02578125 0.01171875
0 0.86914062 0.56562500 0.02578125 0.01250000
0 0.86171875 0.44101563 0.02343750 0.01328125
0 0.87187500 0.46445313 0.02812500 0.01328125
0 0.25039062 0.68828125 0.04453125 0.02656250
0 0.19218750 0.65039062 0.03125000 0.01953125
0 0.18828125 0.62226563 0.02968750 0.01328125
0 0.23085938 0.61796875 0.02109375 0.01718750
0 0.16562500 0.60625000 0.02812500 0.01250000
0 0.41992188 0.35468750 0.03359375 0.01250000
