0 0.51015625 0.60703125 0.06406250 0.02343750
0 0.65781250 0.58476562 0.04062500 0.01953125
0 0.70781250 0.57890625 0.05625000 0.02656250
0 0.53359375 0.55000000 0.04531250 0.02500000
0 0.58632812 0.68164062 0.04140625 0.02265625
0 0.49375000 0.65859375 0.06875000 0.03906250
0 0.70546875 0.61796875 0.04843750 0.02656250
0 0.72031250 0.67226562 0.05625000 0.02265625
0 0.65703125 0.69687500 0.02656250 0.01250000
0 0.77734375 0.60820312 0.04531250 0.01953125
0 0.75078125 0.56640625 0.04531250 0.02343750
0 0.75937500 0.47890625 0.03437500 0.01718750
0 0.49804688 0.38945313 0.03046875 0.01328125
0 0.27031250 0.75234375 0.04687500 0.01718750
0 0.26406250 0.80546875 0.03437500 0.01406250
0 0.46132812 0.74960938 0.02578125 0.00859375
0 0.55429688 0.70351562 0.03359375 0.01640625
