0 0.33710937 0.42265625 0.04609375 0.03593750
0 0.51367188 0.17656250 0.02421875 0.01250000
0 0.50390625 0.20312500 0.03593750 0.01875000
0 0.56718750 0.23359375 0.03125000 0.02031250
0 0.55078125 0.25625000 0.03593750 0.02500000
0 0.52578125 0.30546875 0.02656250 0.01718750
0 0.40351562 0.20625000 0.01953125 0.01250000
0 0.45000000 0.18359375 0.01875000 0.01406250
0 0.48281250 0.17382812 0.03125000 0.02265625
3 0.38203125 0.37890625 0.10781250 0.06093750
3 0.28632812 0.30390625 0.03203125 0.03593750
3 0.29804687 0.38593750 0.04921875 0.04375000
0 0.61093750 0.39726563 0.02500000 0.01953125
0 0.46289062 0.54296875 0.02265625 0.01406250
0 0.41093750 0.52109375 0.01562500 0.01093750
0 0.54335937 0.20664062 0.02421875 0.02578125
