0 0.66445312 0.10234375 0.08203125 0.04531250
0 0.50312500 0.17578125 0.06875000 0.04531250
0 0.49492188 0.13007812 0.04296875 0.02890625
0 0.58750000 0.11289062 0.04687500 0.03515625
0 0.58515625 0.07109375 0.03281250 0.02031250
0 0.34218750 0.11757813 0.05000000 0.01953125
0 0.31796875 0.22187500 0.05781250 0.04062500
0 0.75859375 0.12929688 0.02968750 0.02109375
0 0.57656250 0.31132813 0.03750000 0.02890625
0 0.56835938 0.16992188 0.03046875 0.03046875
0 0.66054687 0.19570313 0.03671875 0.02578125
0 0.68789062 0.16757812 0.03515625 0.02578125
0 0.34882812 0.75351563 0.03515625 0.01953125
0 0.79023438 0.69453125 0.03984375 0.02968750
0 0.71484375 0.67578125 0.02968750 0.02031250
0 0.43437500 0.63789063 0.03750000 0.03515625
