0 0.69218750 0.59648437 0.05937500 0.04609375
0 0.76757812 0.38750000 0.03203125 0.02812500
0 0.74804688 0.52226562 0.02421875 0.02265625
0 0.74179688 0.57226562 0.03671875 0.02265625
0 0.70664063 0.63476562 0.03203125 0.04140625
0 0.45976563 0.70703125 0.04140625 0.02656250
0 0.28867188 0.70234375 0.02734375 0.02656250
0 0.57773438 0.67539063 0.03046875 0.01953125
0 0.55429688 0.71484375 0.06796875 0.01718750
0 0.41796875 0.73906250 0.05781250 0.03437500
0 0.63203125 0.58632812 0.03593750 0.02890625
0 0.54257813 0.63203125 0.04140625 0.02343750
0 0.37226562 0.03671875 0.03515625 0.02031250
0 0.21953125 0.11835938 0.04218750 0.02734375
0 0.30507812 0.06562500 0.04765625 0.02187500
