0 0.56992188 0.18828125 0.03671875 0.02031250
0 0.66914063 0.25156250 0.05390625 0.02812500
0 0.57226562 0.26250000 0.03203125 0.01875000
0 0.52890625 0.21523438 0.02968750 0.01796875
0 0.52304688 0.11171875 0.03359375 0.02656250
0 0.59804687 0.08750000 0.03046875 0.01250000
0 0.49726562 0.54023438 0.02890625 0.02109375
0 0.82617188 0.61718750 0.03359375 0.02187500
0 0.81523437 0.70390625 0.03671875 0.02656250
0 0.70351562 0.71015625 0.02578125 0.01718750
3 0.68515625 0.57304687 0.20781250 0.13359375
3 0.26289062 0.59804687 0.10703125 0.11796875
