0 0.79140625 0.46132812 0.02968750 0.01328125
0 0.65195313 0.69101563 0.05078125 0.03203125
3 0.54609375 0.59492188 0.14531250 0.14921875
0 0.50937500 0.88320312 0.04062500 0.01953125
0 0.64648438 0.85195312 0.03984375 0.02890625
0 0.37656250 0.56562500 0.04687500 0.04375000
0 0.37226562 0.42031250 0.04765625 0.03750000
0 0.31718750 0.44023438 0.02187500 0.01796875
0 0.57500000 0.69726562 0.02812500 0.01953125
0 0.66289062 0.92070312 0.03515625 0.02890625
0 0.40585938 0.65820312 0.03984375 0.02890625
