0 0.38359375 0.57382813 0.02656250 0.02890625
0 0.34179688 0.61367187 0.03359375 0.02421875
0 0.56679687 0.63945312 0.03359375 0.02265625
0 0.57578125 0.75000000 0.02968750 0.01875000
0 0.60976562 0.72539062 0.01953125 0.01640625
0 0.61093750 0.81562500 0.02812500 0.02500000
0 0.60351562 0.79765625 0.01953125 0.01093750
0 0.64960938 0.77070313 0.02109375 0.01640625
0 0.50039062 0.77031250 0.02578125 0.01562500
0 0.60507813 0.58359375 0.02578125 0.01718750
0 0.53398437 0.60781250 0.01796875 0.01562500
0 0.66171875 0.68203125 0.02968750 0.02343750
