0 0.52539062 0.55742187 0.03203125 0.01796875
0 0.49023438 0.55234375 0.03046875 0.02031250
0 0.37851563 0.54804688 0.03203125 0.02734375
0 0.49023438 0.59960938 0.03046875 0.02734375
0 0.44375000 0.61250000 0.02812500 0.02187500
0 0.44960937 0.57890625 0.03046875 0.02343750
0 0.43632813 0.74609375 0.02890625 0.01406250
0 0.61210937 0.70937500 0.02734375 0.02187500
0 0.65390625 0.67695313 0.02343750 0.01953125
0 0.71757812 0.57187500 0.02890625 0.02187500
0 0.55351562 0.79335937 0.02890625 0.01796875
0 0.59492188 0.81601563 0.03359375 0.02578125
0 0.62070313 0.87734375 0.02578125 0.01406250
0 0.64062500 0.81523437 0.02187500 0.02734375
