0 0.36562500 0.53710938 0.05000000 0.04609375
0 0.50859375 0.47421875 0.02656250 0.03593750
0 0.44843750 0.48515625 0.02812500 0.02656250
0 0.33164063 0.38281250 0.01953125 0.01875000
0 0.23007812 0.43828125 0.03515625 0.02968750
0 0.24257813 0.47656250 0.03515625 0.02812500
0 0.27031250 0.50507813 0.03125000 0.04765625
0 0.21054687 0.39492187 0.02421875 0.03046875
0 0.22851562 0.67539063 0.02890625 0.01953125
0 0.27773437 0.71328125 0.03046875 0.02343750
0 0.54257813 0.09296875 0.03515625 0.02656250
0 0.71796875 0.04023438 0.02968750 0.03984375
0 0.83945313 0.14062500 0.01953125 0.03125000
0 0.72812500 0.09453125 0.03125000 0.04218750
0 0.59140625 0.08320313 0.03281250 0.03203125
1 0.50078125 0.55976563 0.05468750 0.06328125
