0 0.28867188 0.65039062 0.03046875 0.01640625
0 0.31445312 0.68164062 0.03203125 0.01953125
0 0.36679688 0.69218750 0.02734375 0.02187500
0 0.31835938 0.71953125 0.03046875 0.02031250
0 0.29804687 0.74023438 0.03359375 0.02421875
0 0.28125000 0.69296875 0.03750000 0.02656250
0 0.49179688 0.70781250 0.03046875 0.02500000
0 0.51718750 0.77304688 0.02500000 0.02109375
0 0.50156250 0.80820313 0.02187500 0.01328125
0 0.51054687 0.87890625 0.02734375 0.01718750
0 0.45898438 0.89375000 0.02421875 0.02187500
0 0.41992188 0.88398438 0.02734375 0.02109375
0 0.36875000 0.91328125 0.04687500 0.02343750
0 0.31445312 0.90195313 0.02890625 0.02265625
0 0.31914063 0.87890625 0.04453125 0.02656250
0 0.26601562 0.88359375 0.03203125 0.02031250
0 0.25781250 0.85937500 0.02500000 0.01562500
0 0.41132812 0.78203125 0.03203125 0.02343750
0 0.37851563 0.79453125 0.03203125 0.02031250
0 0.38007812 0.82578125 0.03203125 0.02031250
0 0.42070313 0.80937500 0.02578125 0.01562500
0 0.45859375 0.80156250 0.02343750 0.02500000
0 0.39414063 0.71093750 0.02890625 0.02187500
0 0.20664062 0.92343750 0.03203125 0.01875000
