1 0.47958047 0.30512500 0.00916094 0.00087500
1 0.46802969 0.30650312 0.01418437 0.00363125
1 0.45737578 0.32509688 0.00850156 0.00331875
1 0.44867031 0.33135703 0.00984063 0.00646406
1 0.48303438 0.32122969 0.00669375 0.00183438
1 0.49314453 0.32401484 0.01128906 0.00427969
1 0.50884297 0.32491328 0.01143594 0.00295156
1 0.48111406 0.33967422 0.01222813 0.00122344
1 0.46769609 0.33968516 0.00726719 0.00124531
1 0.46131172 0.34122500 0.00699844 0.00120000
1 0.48464687 0.37710547 0.00366875 0.03546094
1 0.50101875 0.37377656 0.00203750 0.02567812
1 0.50618203 0.34592422 0.01548906 0.00122344
1 0.51875000 0.34932031 0.00937500 0.00489062
