0 0.58710938 0.48125000 0.02421875 0.01875000
0 0.53320312 0.48554687 0.01953125 0.01484375
0 0.34960938 0.50390625 0.02109375 0.01093750
0 0.31992188 0.49140625 0.01796875 0.01093750
0 0.56015625 0.69375000 0.02343750 0.01875000
0 0.51132813 0.69609375 0.02265625 0.01718750
0 0.53593750 0.67500000 0.01562500 0.01250000
0 0.48632812 0.66914063 0.01640625 0.01015625
0 0.47304687 0.68671875 0.02109375 0.01406250
0 0.46210937 0.65507812 0.01484375 0.01015625
0 0.36093750 0.61640625 0.01875000 0.02031250
0 0.63320312 0.52851563 0.02265625 0.01015625
0 0.57968750 0.40468750 0.02187500 0.02812500
0 0.50664062 0.39531250 0.01953125 0.01250000
0 0.45859375 0.40234375 0.02031250 0.01718750
0 0.49687500 0.41835937 0.01562500 0.00859375
0 0.53671875 0.38750000 0.01093750 0.00937500
0 0.54882812 0.40468750 0.01328125 0.01250000
3 0.37382813 0.54101562 0.11015625 0.05078125
