1 0.51093750 0.57539063 0.07187500 0.04453125
1 0.49414062 0.63281250 0.05078125 0.02812500
1 0.52578125 0.65625000 0.02343750 0.02500000
1 0.44687500 0.70976562 0.05000000 0.02265625
1 0.44101563 0.40156250 0.11953125 0.01562500
1 0.41054687 0.47656250 0.05859375 0.05312500
1 0.57343750 0.54101562 0.04062500 0.04140625
1 0.40273437 0.65273437 0.02109375 0.01171875
0 0.50156250 0.66093750 0.01562500 0.01562500
0 0.57382813 0.66250000 0.01015625 0.01562500
0 0.53242188 0.70507812 0.02109375 0.02890625
0 0.53320312 0.73984375 0.00390625 0.00781250
0 0.34570312 0.76992187 0.01640625 0.00859375
0 0.29218750 0.73320312 0.01562500 0.01328125
3 0.55976563 0.62421875 0.05078125 0.04531250
