0 0.52343750 0.45468750 0.02187500 0.01562500
0 0.54726562 0.48945312 0.01328125 0.00703125
0 0.53984375 0.47968750 0.02031250 0.00937500
0 0.56601563 0.45898438 0.00703125 0.00546875
0 0.62031250 0.45507812 0.01875000 0.01328125
0 0.67109375 0.55312500 0.01406250 0.01250000
0 0.64218750 0.61093750 0.01562500 0.00937500
0 0.51679688 0.62382812 0.01484375 0.00703125
0 0.62265625 0.70000000 0.03906250 0.02187500
0 0.65390625 0.63632813 0.01718750 0.02578125
0 0.66875000 0.57929688 0.03750000 0.01484375
0 0.41523437 0.55781250 0.01484375 0.01250000
0 0.37500000 0.59375000 0.01562500 0.00937500
0 0.39062500 0.61523438 0.01875000 0.01796875
0 0.66718750 0.61054688 0.02500000 0.02109375
0 0.70039063 0.56015625 0.01640625 0.01093750
0 0.66992188 0.59179688 0.03046875 0.01171875
0 0.49257812 0.47929688 0.01953125 0.01171875
0 0.45312500 0.45742187 0.01875000 0.01484375
0 0.41093750 0.45898438 0.01875000 0.01171875
0 0.37304688 0.47968750 0.01484375 0.00937500
