0 0.63398438 0.64101562 0.02734375 0.01953125
0 0.61757812 0.67617187 0.03203125 0.01796875
0 0.58398438 0.69414062 0.04296875 0.03515625
0 0.37851563 0.53671875 0.01953125 0.01406250
0 0.41445312 0.73593750 0.02890625 0.01562500
0 0.62421875 0.83320313 0.02031250 0.01015625
0 0.52851563 0.86640625 0.02265625 0.01406250
0 0.49960938 0.84843750 0.02421875 0.01250000
0 0.33789062 0.72812500 0.01953125 0.01250000
0 0.31289062 0.67031250 0.02265625 0.02187500
0 0.41523437 0.44257812 0.02421875 0.01640625
0 0.49609375 0.37265625 0.02656250 0.02343750
0 0.70429688 0.35390625 0.01484375 0.01406250
0 0.67968750 0.33632812 0.02500000 0.01640625
0 0.63750000 0.31250000 0.02187500 0.01562500
0 0.65234375 0.34062500 0.02031250 0.01562500
0 0.65546875 0.69492188 0.02031250 0.01796875
0 0.56679687 0.51328125 0.07109375 0.04218750
3 0.55039063 0.58945313 0.11953125 0.09765625
