1 0.53361719 0.14506953 0.03598437 0.00263906
1 0.55936250 0.14641172 0.01560000 0.00219844
1 0.50349922 0.15039375 0.02262344 0.00703750
1 0.48734687 0.15222188 0.00906875 0.00131875
1 0.51714922 0.17832188 0.02492344 0.00351875
1 0.58961641 0.20655937 0.01673281 0.00374375
1 0.55298906 0.21025469 0.02472813 0.00175938
1 0.51398750 0.21949141 0.05297500 0.02023281
1 0.54513203 0.23369219 0.03401406 0.00175938
1 0.60328750 0.22983828 0.03782500 0.00967656
1 0.58587266 0.25972656 0.00299531 0.03820312
1 0.58933281 0.29224609 0.00366563 0.02199219
1 0.56626172 0.27617031 0.00439844 0.05234062
1 0.53658203 0.25222187 0.02316406 0.00131875
1 0.50792500 0.25508125 0.03460000 0.00703750
1 0.49000469 0.25391250 0.03313438 0.01407500
1 0.44834219 0.57950703 0.02793437 0.12776406
1 0.43076484 0.50314375 0.01465469 0.02816250
1 0.42378750 0.53531250 0.01007500 0.10500000
1 0.46200000 0.43570625 0.02712500 0.02453750
1 0.43882344 0.44537813 0.02764688 0.03763125
1 0.44611484 0.43453281 0.05785469 0.07219062
1 0.42549609 0.42349375 0.03536719 0.02198750
1 0.42237109 0.40818594 0.03536719 0.01012188
1 0.43272656 0.35565703 0.03420312 0.03943906
1 0.43192891 0.37817344 0.03885781 0.01884688
1 0.42813594 0.39154609 0.07189688 0.02059219
1 0.42206797 0.38174141 0.03788594 0.02285781
1 0.41479141 0.35171563 0.03583281 0.05968125
1 0.49173906 0.17052031 0.03660312 0.01604063
1 0.46277656 0.18648984 0.02242812 0.01360469
