0 0.49140625 0.82968750 0.02031250 0.00937500
0 0.34726563 0.66718750 0.01328125 0.02500000
0 0.35859375 0.70390625 0.00468750 0.01406250
0 0.32382813 0.74140625 0.02578125 0.01406250
0 0.30273438 0.63515625 0.01796875 0.02031250
0 0.70664063 0.55273438 0.02265625 0.01796875
0 0.51015625 0.37226562 0.01406250 0.01328125
0 0.57382813 0.42109375 0.02265625 0.01093750
0 0.46679688 0.42812500 0.02109375 0.01562500
0 0.43554688 0.42500000 0.02734375 0.01250000
0 0.40781250 0.43125000 0.02500000 0.00625000
0 0.49687500 0.35703125 0.05937500 0.02031250
0 0.44257812 0.35742188 0.01015625 0.01796875
0 0.40585938 0.33359375 0.04921875 0.02031250
0 0.50195312 0.28984375 0.01640625 0.00156250
0 0.48632812 0.33984375 0.05703125 0.02031250
0 0.61289063 0.33710937 0.02265625 0.02109375
0 0.57617188 0.33007812 0.02421875 0.02265625
3 0.32929687 0.59218750 0.10234375 0.06562500
0 0.45117188 0.30703125 0.01484375 0.01406250
0 0.31992188 0.34570312 0.01171875 0.01640625
0 0.32539062 0.37031250 0.01015625 0.00937500
0 0.38320312 0.31171875 0.01953125 0.01093750
0 0.55117187 0.36875000 0.01484375 0.01250000
0 0.59257812 0.36015625 0.01015625 0.01718750
0 0.65117187 0.36132812 0.02109375 0.01640625
0 0.53398437 0.30585937 0.02734375 0.00859375
0 0.30156250 0.70273438 0.03125000 0.01171875
0 0.32578125 0.66796875 0.01406250 0.01406250
0 0.70468750 0.63671875 0.01562500 0.01406250
0 0.69375000 0.59296875 0.01875000 0.01406250
3 0.61757812 0.59375000 0.04765625 0.08750000
