0 0.39179687 0.66250000 0.04296875 0.02812500
0 0.47851562 0.27812500 0.03203125 0.02812500
0 0.51054687 0.39062500 0.01796875 0.02187500
0 0.54921875 0.46601562 0.02968750 0.01953125
0 0.44726562 0.28281250 0.03203125 0.03437500
0 0.56914062 0.84140625 0.01640625 0.01093750
0 0.46718750 0.22890625 0.02812500 0.02343750
0 0.58164063 0.24687500 0.03203125 0.01875000
0 0.45820312 0.34960938 0.04765625 0.02109375
0 0.56953125 0.32656250 0.01093750 0.02500000
0 0.52304688 0.26953125 0.03046875 0.01093750
0 0.49414062 0.41054687 0.01328125 0.01796875
