1 0.37861953 0.32075781 0.08223906 0.00714062
1 0.30104531 0.33655391 0.06146562 0.01998281
1 0.26920000 0.36072969 0.03840000 0.02770938
1 0.24506250 0.38302891 0.01200000 0.01918281
1 0.34979922 0.35254219 0.14959844 0.01758437
1 0.45555781 0.33966797 0.07986562 0.00746094
1 0.59501172 0.34080547 0.17439844 0.01598594
1 0.40680781 0.35026641 0.01674062 0.00053281
1 0.42742500 0.35106563 0.02672500 0.00213125
1 0.45409141 0.35209531 0.02693281 0.00106562
1 0.34785469 0.33389609 0.02383437 0.00529219
1 0.31218281 0.35113984 0.04936562 0.02727969
1 0.27494609 0.37038203 0.02489219 0.01263906
1 0.25503359 0.38257422 0.01319219 0.01202344
1 0.24650781 0.39614766 0.00551563 0.01417031
1 0.39552969 0.36603594 0.19105938 0.01332188
1 0.28279688 0.39740469 0.05621875 0.04168437
1 0.30781172 0.40934766 0.09999844 0.04369531
1 0.41894922 0.38714766 0.15039844 0.01492031
1 0.54715313 0.35422578 0.08180625 0.01470156
1 0.65573750 0.35525625 0.08960000 0.00426250
1 0.57701172 0.37651250 0.13839844 0.01865000
1 0.64891172 0.38185547 0.10719844 0.00746094
