0 0.67851562 0.41640625 0.02265625 0.02656250
3 0.52148438 0.62968750 0.08359375 0.12500000
3 0.68007812 0.65664062 0.13203125 0.10078125
3 0.39609375 0.67343750 0.06093750 0.08750000
3 0.58632812 0.66953125 0.02890625 0.05468750
0 0.66445312 0.84375000 0.03203125 0.02500000
3 0.50468750 0.45390625 0.11250000 0.07031250
3 0.42031250 0.44335938 0.04687500 0.04609375
3 0.57851562 0.44726562 0.05078125 0.04453125
3 0.46718750 0.40273437 0.13125000 0.03671875
3 0.57812500 0.40781250 0.08437500 0.02812500
