0 0.34687500 0.39335938 0.01562500 0.01171875
0 0.25273438 0.45117188 0.01484375 0.01484375
0 0.42070313 0.50273437 0.02578125 0.01484375
0 0.41289063 0.53867188 0.01328125 0.01484375
0 0.33750000 0.51679688 0.02187500 0.01484375
0 0.70234375 0.45351562 0.01718750 0.01953125
0 0.68242187 0.47421875 0.01484375 0.02656250
0 0.65781250 0.48515625 0.01562500 0.01093750
0 0.46367188 0.59335938 0.02421875 0.02421875
0 0.63750000 0.75351563 0.03437500 0.02265625
0 0.38007812 0.96406250 0.02265625 0.01875000
