0 0.70781250 0.49023438 0.02812500 0.01484375
0 0.30195312 0.51914063 0.03515625 0.01640625
3 0.20468750 0.55898437 0.16562500 0.08671875
0 0.87851563 0.44453125 0.02578125 0.01718750
0 0.76757812 0.51054687 0.02890625 0.01171875
0 0.80390625 0.58554688 0.04531250 0.02109375
0 0.84726563 0.50742188 0.06640625 0.01796875
0 0.81406250 0.53125000 0.02812500 0.01562500
0 0.88320312 0.48476562 0.01640625 0.00703125
0 0.47031250 0.30937500 0.02187500 0.01250000
0 0.60312500 0.27031250 0.02500000 0.01250000
0 0.51328125 0.35859375 0.02031250 0.01093750
