0 0.73554688 0.25546875 0.06171875 0.02656250
0 0.49570313 0.16640625 0.04453125 0.02031250
0 0.68828125 0.15507813 0.03281250 0.02265625
0 0.86093750 0.25156250 0.02812500 0.02187500
0 0.73554688 0.40781250 0.03984375 0.01875000
0 0.63515625 0.33593750 0.04218750 0.01875000
0 0.55507812 0.41796875 0.05078125 0.02343750
0 0.51054687 0.50546875 0.04609375 0.02656250
0 0.68359375 0.56210938 0.03281250 0.02109375
0 0.16953125 0.27109375 0.02656250 0.01718750
0 0.32773438 0.36328125 0.03046875 0.01093750
3 0.56484375 0.44023438 0.27968750 0.12734375
0 0.71093750 0.32656250 0.03750000 0.01875000
3 0.71328125 0.47265625 0.19843750 0.07968750
