0 0.61093750 0.17734375 0.02500000 0.02031250
0 0.57656250 0.16914062 0.01250000 0.01015625
0 0.64023438 0.15585937 0.02734375 0.01171875
0 0.68476563 0.22890625 0.02265625 0.01406250
0 0.67070312 0.20078125 0.01328125 0.01718750
0 0.63320312 0.20625000 0.01953125 0.01562500
0 0.64570313 0.25585938 0.02890625 0.02734375
0 0.73906250 0.24335937 0.00937500 0.01796875
0 0.71875000 0.21796875 0.01250000 0.01406250
0 0.70351562 0.23750000 0.02265625 0.01875000
0 0.57695312 0.20937500 0.01953125 0.01562500
0 0.54492188 0.23828125 0.04296875 0.02031250
0 0.49257812 0.24609375 0.02890625 0.01406250
0 0.43007812 0.28828125 0.02578125 0.01718750
0 0.39882812 0.33710937 0.01953125 0.01484375
0 0.36093750 0.36992188 0.01562500 0.02109375
0 0.31953125 0.39296875 0.01406250 0.01406250
0 0.39882812 0.42031250 0.01953125 0.01250000
0 0.33750000 0.42617187 0.01250000 0.01484375
0 0.57187500 0.46132812 0.04062500 0.03515625
0 0.49335937 0.47578125 0.02734375 0.01718750
0 0.52812500 0.48242188 0.02187500 0.01171875
0 0.53007812 0.50156250 0.01953125 0.01562500
0 0.49140625 0.51484375 0.02343750 0.02031250
0 0.51796875 0.56445312 0.02343750 0.01953125
0 0.47773437 0.57500000 0.02109375 0.01562500
0 0.43750000 0.55820313 0.02187500 0.01640625
0 0.46406250 0.54257813 0.02812500 0.01328125
0 0.41914062 0.59570312 0.01953125 0.01328125
0 0.61875000 0.63828125 0.02500000 0.01718750
0 0.53515625 0.64179688 0.02968750 0.01484375
0 0.36289063 0.47382812 0.02578125 0.01953125
0 0.60234375 0.46367188 0.01718750 0.01484375
0 0.61289063 0.43984375 0.01953125 0.01718750
0 0.38632813 0.37890625 0.01328125 0.01718750
0 0.55234375 0.49414062 0.02968750 0.04453125
0 0.47109375 0.60468750 0.02343750 0.01562500
0 0.49531250 0.64023438 0.01562500 0.01171875
0 0.59609375 0.62304688 0.01406250 0.01171875
0 0.56250000 0.64453125 0.01875000 0.02031250
0 0.52734375 0.59218750 0.01406250 0.01562500
