0 0.18984375 0.53359375 0.03281250 0.01093750
0 0.61914062 0.34453125 0.03203125 0.01093750
0 0.66718750 0.31796875 0.02187500 0.01406250
0 0.69687500 0.33281250 0.01562500 0.00937500
0 0.69804687 0.34414062 0.02109375 0.01015625
0 0.30312500 0.32578125 0.02500000 0.01093750
1 0.45195313 0.29296875 0.13828125 0.01093750
1 0.42851563 0.30859375 0.16953125 0.01093750
1 0.45585938 0.28125000 0.13046875 0.00625000
0 0.29921875 0.30468750 0.02031250 0.01562500
0 0.14570312 0.36562500 0.02890625 0.01250000
0 0.13437500 0.45234375 0.02812500 0.01093750
0 0.44843750 0.66562500 0.03125000 0.00625000
0 0.75937500 0.52460938 0.02812500 0.01484375
0 0.46093750 0.34101562 0.02500000 0.01328125
