0 0.43554688 0.28789063 0.01796875 0.01328125
0 0.37734375 0.25546875 0.02031250 0.01406250
0 0.39921875 0.29960938 0.04531250 0.02109375
0 0.33828125 0.30156250 0.01718750 0.01562500
0 0.30976562 0.32187500 0.01953125 0.01875000
0 0.62812500 0.26718750 0.01562500 0.01250000
0 0.59531250 0.24648438 0.02187500 0.02109375
0 0.49375000 0.28242187 0.03437500 0.01484375
0 0.25039062 0.35312500 0.02890625 0.03125000
0 0.28085938 0.41757813 0.01171875 0.01328125
0 0.44101563 0.53046875 0.02890625 0.02031250
0 0.38906250 0.54960937 0.03750000 0.02109375
0 0.35742188 0.57343750 0.01796875 0.01250000
0 0.30976562 0.56406250 0.01328125 0.01562500
0 0.26953125 0.53750000 0.02031250 0.01562500
0 0.29023437 0.58007812 0.01796875 0.02265625
0 0.26054688 0.59179688 0.01796875 0.02109375
0 0.47773437 0.58906250 0.02109375 0.01250000
0 0.45429687 0.50273437 0.01796875 0.01796875
3 0.38320312 0.47968750 0.16328125 0.10312500
0 0.37070313 0.59179688 0.01328125 0.01484375
0 0.22578125 0.42031250 0.02031250 0.01562500
0 0.20625000 0.51210937 0.02812500 0.01484375
0 0.58593750 0.67031250 0.02187500 0.01562500
0 0.40546875 0.60507813 0.01406250 0.01015625
0 0.38125000 0.63085938 0.02500000 0.01484375
0 0.32929687 0.60585937 0.02734375 0.01796875
0 0.28515625 0.61250000 0.02343750 0.01250000
0 0.30273438 0.69726562 0.01796875 0.01953125
0 0.40859375 0.64101562 0.05468750 0.03828125
0 0.26914063 0.48515625 0.01328125 0.01406250
0 0.41054687 0.38945313 0.01484375 0.01328125
0 0.41484375 0.45937500 0.02031250 0.01562500
0 0.56171875 0.18593750 0.01718750 0.01250000
