0 0.37773438 0.42617187 0.01484375 0.01171875
0 0.40000000 0.41250000 0.01250000 0.00625000
0 0.33515625 0.41835937 0.02968750 0.01796875
0 0.45429687 0.49687500 0.01484375 0.01250000
0 0.39296875 0.49375000 0.01406250 0.00937500
0 0.35312500 0.51953125 0.03437500 0.02656250
0 0.40156250 0.59375000 0.02812500 0.02187500
0 0.46328125 0.58593750 0.03281250 0.02812500
0 0.44687500 0.52695313 0.01875000 0.01953125
0 0.37187500 0.56992188 0.08750000 0.03671875
0 0.42851563 0.65781250 0.02890625 0.01562500
0 0.40664062 0.64296875 0.02578125 0.01718750
0 0.53750000 0.56757813 0.01875000 0.01953125
0 0.47460938 0.54375000 0.03046875 0.01562500
0 0.38007812 0.53671875 0.01953125 0.00781250
0 0.53242188 0.62890625 0.01484375 0.01406250
0 0.62890625 0.60273438 0.01718750 0.01171875
0 0.59726563 0.53593750 0.01640625 0.01562500
0 0.48281250 0.62421875 0.03750000 0.02968750
0 0.49375000 0.73515625 0.03437500 0.02343750
0 0.48125000 0.67304688 0.02187500 0.02109375
0 0.44609375 0.68007812 0.02343750 0.01953125
0 0.43789062 0.70703125 0.01953125 0.02343750
0 0.42500000 0.79140625 0.00937500 0.01093750
0 0.40625000 0.72968750 0.02812500 0.01875000
0 0.38085938 0.68984375 0.03046875 0.01718750
0 0.52734375 0.66132813 0.01718750 0.01640625
0 0.57031250 0.66875000 0.03125000 0.02500000
0 0.46757813 0.70976562 0.01640625 0.01953125
0 0.52460938 0.68593750 0.04921875 0.03125000
0 0.43632813 0.73750000 0.02578125 0.01875000
0 0.40234375 0.75820312 0.03281250 0.01640625
0 0.33359375 0.83750000 0.01718750 0.01562500
0 0.12617187 0.50859375 0.01796875 0.02656250
0 0.13828125 0.45390625 0.00781250 0.01718750
0 0.17109375 0.54921875 0.01093750 0.01093750
0 0.16757812 0.56835938 0.00703125 0.00859375
0 0.38554688 0.45468750 0.06171875 0.02812500
0 0.37421875 0.63359375 0.02343750 0.02343750
0 0.58203125 0.60273438 0.01093750 0.01171875
0 0.62148437 0.63789063 0.00859375 0.01015625
