1 0.60026328 0.17969922 0.03177656 0.00939844
1 0.62684844 0.20683750 0.02557187 0.00117500
1 0.59931016 0.21550078 0.02674531 0.01537656
1 0.55318516 0.30108125 0.02824531 0.00528750
1 0.59851094 0.30235000 0.03452187 0.00470000
1 0.58419219 0.33501016 0.00588438 0.03877031
1 0.55958438 0.34915469 0.00666875 0.02643438
1 0.68340781 0.48947422 0.00431563 0.01644844
1 0.68843125 0.51563047 0.00498750 0.03751094
1 0.69260859 0.45166094 0.00709219 0.01269687
1 0.70097891 0.47319844 0.00820781 0.03077188
1 0.45199688 0.48425156 0.01024375 0.03100312
1 0.44545703 0.50647891 0.00341406 0.01295781
1 0.44144609 0.52439062 0.00164219 0.02065625
1 0.46681563 0.52430859 0.00863125 0.07049219
