0 0.44296875 0.26132813 0.02968750 0.02265625
0 0.38593750 0.30078125 0.02500000 0.02031250
0 0.32890625 0.27500000 0.02656250 0.01875000
0 0.26796875 0.27656250 0.03281250 0.01875000
0 0.32968750 0.36914062 0.02812500 0.01328125
0 0.36718750 0.38671875 0.03437500 0.01406250
0 0.39570312 0.33593750 0.02890625 0.02500000
1 0.44726562 0.30429688 0.11328125 0.01484375
1 0.43789062 0.21562500 0.12890625 0.01250000
0 0.44531250 0.42968750 0.02500000 0.01875000
0 0.44960937 0.36757812 0.02109375 0.01328125
0 0.53867188 0.37656250 0.05546875 0.05000000
0 0.41640625 0.56171875 0.02343750 0.02343750
3 0.42460938 0.71484375 0.08671875 0.07968750
0 0.61835938 0.67968750 0.08359375 0.08437500
3 0.23671875 0.65507812 0.11093750 0.08515625
3 0.32148437 0.98671875 0.03671875 0.02031250
1 0.46445313 0.19375000 0.06953125 0.01875000
