1 0.43164062 0.23085938 0.23515625 0.01484375
1 0.44609375 0.26328125 0.19531250 0.02031250
3 0.42578125 0.18476562 0.12343750 0.05078125
3 0.46484375 0.56875000 0.12031250 0.10000000
3 0.58906250 0.60156250 0.12812500 0.06250000
3 0.35898438 0.52773437 0.09921875 0.08359375
3 0.26757812 0.58906250 0.08515625 0.12187500
0 0.56640625 0.75351563 0.02656250 0.02265625
0 0.71093750 0.56328125 0.02500000 0.02343750
0 0.71562500 0.34257813 0.02812500 0.01640625
0 0.23984375 0.33867188 0.02343750 0.01484375
0 0.26445313 0.36328125 0.02890625 0.02031250
0 0.61132812 0.28710938 0.02578125 0.01796875
0 0.80078125 0.43710938 0.03593750 0.02421875
0 0.28007813 0.45507812 0.01953125 0.01953125
