0 0.54257813 0.24218750 0.03828125 0.01875000
0 0.49296875 0.25156250 0.02343750 0.02187500
0 0.47968750 0.28007813 0.01562500 0.01328125
0 0.48867187 0.29492188 0.01796875 0.01171875
0 0.46328125 0.30507812 0.01406250 0.01015625
0 0.38906250 0.27304688 0.01562500 0.01171875
0 0.37343750 0.26132813 0.01250000 0.01328125
0 0.34453125 0.25898437 0.01406250 0.01484375
0 0.32539062 0.28554687 0.01328125 0.01171875
0 0.30117187 0.25039062 0.01796875 0.01328125
0 0.35039063 0.19804688 0.02578125 0.01484375
0 0.40234375 0.23046875 0.01093750 0.01093750
0 0.47109375 0.19453125 0.01718750 0.01406250
0 0.62734375 0.21171875 0.01406250 0.01718750
0 0.61210937 0.26132813 0.01484375 0.01640625
0 0.44648437 0.41562500 0.02421875 0.01562500
0 0.28789063 0.45937500 0.01953125 0.01875000
0 0.30429688 0.52226562 0.02421875 0.02265625
0 0.27812500 0.51250000 0.02187500 0.01562500
0 0.25429687 0.48398438 0.03046875 0.01796875
0 0.68789062 0.44609375 0.03828125 0.04843750
0 0.68945312 0.48203125 0.01953125 0.02031250
0 0.65937500 0.52578125 0.01875000 0.01718750
0 0.61289063 0.59492188 0.02265625 0.01171875
