0 0.33125000 0.62460938 0.00937500 0.00859375
0 0.23906250 0.59726563 0.00937500 0.01015625
0 0.25703125 0.63906250 0.01093750 0.01250000
0 0.36914062 0.64023438 0.01015625 0.01171875
0 0.38867188 0.60664063 0.01171875 0.01015625
0 0.40820312 0.55468750 0.01015625 0.01250000
0 0.37539062 0.65156250 0.01328125 0.00937500
0 0.32265625 0.66640625 0.01406250 0.01093750
0 0.32226562 0.72070312 0.01640625 0.01328125
0 0.68632812 0.61250000 0.01640625 0.01250000
0 0.63789063 0.61992187 0.01640625 0.01171875
3 0.63945312 0.57500000 0.12265625 0.15000000
0 0.65039062 0.59609375 0.01328125 0.01093750
0 0.61875000 0.64570313 0.01250000 0.01328125
0 0.60429687 0.59609375 0.01796875 0.01406250
0 0.59414062 0.58085937 0.01015625 0.00859375
0 0.52812500 0.55546875 0.01875000 0.01406250
0 0.68125000 0.69023437 0.01562500 0.00859375
0 0.73046875 0.70820313 0.01406250 0.01328125
0 0.76250000 0.58984375 0.00937500 0.00781250
0 0.73632812 0.59179688 0.01328125 0.00859375
0 0.64843750 0.69687500 0.01562500 0.01250000
0 0.57304687 0.66093750 0.01484375 0.01250000
0 0.54804688 0.66875000 0.01484375 0.00937500
0 0.54492188 0.62382812 0.01484375 0.01328125
0 0.52109375 0.58125000 0.01406250 0.00937500
0 0.56953125 0.61250000 0.01718750 0.01562500
3 0.54179687 0.45000000 0.06796875 0.13750000
0 0.65820312 0.34687500 0.02578125 0.01875000
0 0.55312500 0.28632812 0.01875000 0.01328125
0 0.54921875 0.30429688 0.01093750 0.00546875
0 0.58476562 0.34062500 0.01953125 0.02812500
0 0.51054687 0.33242187 0.01796875 0.01171875
0 0.48164062 0.34531250 0.01953125 0.01250000
0 0.55234375 0.36640625 0.01406250 0.01406250
0 0.53007812 0.30312500 0.01015625 0.00937500
0 0.49960938 0.31445312 0.02421875 0.00390625
0 0.54921875 0.24335937 0.01093750 0.01171875
0 0.63476562 0.26250000 0.01640625 0.01250000
0 0.64960938 0.36992188 0.02109375 0.01171875
3 0.45195313 0.44570312 0.09765625 0.07890625
3 0.56132812 0.56835938 0.04140625 0.06171875
0 0.66914063 0.29648438 0.01328125 0.01484375
0 0.57968750 0.31679687 0.01250000 0.00859375
0 0.60429687 0.30195312 0.01171875 0.01328125
0 0.63554687 0.35429688 0.01484375 0.01171875
0 0.54765625 0.35390625 0.02343750 0.00781250
0 0.59257812 0.40664062 0.01328125 0.01328125
