0 0.48867187 0.44453125 0.01796875 0.01406250
3 0.38125000 0.54882812 0.04687500 0.04453125
0 0.42031250 0.57656250 0.01875000 0.02187500
0 0.47695312 0.55585938 0.01953125 0.01171875
0 0.50234375 0.51328125 0.02031250 0.01406250
0 0.39375000 0.59648437 0.00937500 0.01171875
0 0.44921875 0.67382812 0.01406250 0.01015625
0 0.54843750 0.53359375 0.01875000 0.01406250
0 0.51406250 0.45507812 0.01250000 0.01015625
0 0.50039062 0.47226563 0.01015625 0.01328125
0 0.55898437 0.39218750 0.01171875 0.01562500
0 0.50234375 0.36601563 0.02343750 0.01640625
0 0.50390625 0.40820312 0.02031250 0.01640625
0 0.54023438 0.37500000 0.02109375 0.02187500
0 0.57460937 0.35273437 0.02421875 0.03046875
0 0.39335938 0.32773438 0.03671875 0.03671875
0 0.54375000 0.30625000 0.02187500 0.01562500
0 0.53359375 0.56406250 0.02343750 0.02187500
0 0.43906250 0.60703125 0.01562500 0.01406250
0 0.41757813 0.66210938 0.01328125 0.01171875
0 0.53515625 0.60781250 0.01406250 0.01250000
0 0.51171875 0.60000000 0.01718750 0.00937500
0 0.54414063 0.59179688 0.01015625 0.00859375
0 0.58046875 0.58320313 0.01406250 0.01015625
0 0.74023438 0.59257812 0.02421875 0.01953125
0 0.63320312 0.49257812 0.01015625 0.02265625
0 0.63359375 0.52578125 0.01093750 0.01093750
0 0.63437500 0.55156250 0.01875000 0.01562500
0 0.56171875 0.46328125 0.02343750 0.02031250
0 0.56835938 0.57148438 0.02109375 0.01484375
0 0.55585938 0.40468750 0.06171875 0.03437500
0 0.56679687 0.43203125 0.02109375 0.02031250
0 0.44492188 0.32031250 0.03671875 0.01875000
0 0.50703125 0.34921875 0.03281250 0.02031250
0 0.50195312 0.20820312 0.01640625 0.01328125
