0 0.73085937 0.51054687 0.01171875 0.01171875
0 0.58515625 0.53203125 0.01718750 0.02343750
0 0.55468750 0.53281250 0.01875000 0.01562500
0 0.61210937 0.55781250 0.02109375 0.02500000
0 0.50546875 0.53554687 0.02031250 0.01171875
0 0.49296875 0.57890625 0.02656250 0.01406250
0 0.58085937 0.57773438 0.03359375 0.01171875
0 0.56015625 0.55507812 0.03906250 0.02265625
0 0.45156250 0.50000000 0.01875000 0.01250000
0 0.48945312 0.32578125 0.02265625 0.01406250
0 0.63281250 0.67382812 0.03125000 0.01328125
0 0.68046875 0.66406250 0.02343750 0.01250000
