3 0.56132812 0.55546875 0.15703125 0.04218750
0 0.44843750 0.52812500 0.04375000 0.02500000
0 0.60507813 0.61484375 0.05078125 0.01718750
0 0.66875000 0.56953125 0.03125000 0.01718750
0 0.67421875 0.52812500 0.02968750 0.02187500
0 0.55429688 0.58320313 0.03359375 0.01640625
0 0.38476562 0.54062500 0.02265625 0.01562500
0 0.35742188 0.54843750 0.02109375 0.01250000
0 0.35468750 0.52773437 0.02187500 0.01171875
3 0.17851563 0.58554688 0.04453125 0.03671875
0 0.46875000 0.66015625 0.03750000 0.01406250
0 0.37265625 0.71601563 0.02656250 0.01015625
0 0.53515625 0.64843750 0.04218750 0.01562500
0 0.27382812 0.47695312 0.03828125 0.01953125
0 0.40937500 0.39921875 0.04062500 0.01406250
0 0.63125000 0.50468750 0.03750000 0.01562500
0 0.43437500 0.60546875 0.03125000 0.01093750
