0 0.58320313 0.49765625 0.03515625 0.02031250
1 0.63554687 0.46914062 0.02109375 0.03828125
3 0.29062500 0.54140625 0.10937500 0.03281250
0 0.30156250 0.51289063 0.06875000 0.02890625
0 0.22890625 0.47031250 0.04218750 0.01562500
0 0.19296875 0.49453125 0.02968750 0.01406250
0 0.21601562 0.43125000 0.02890625 0.00625000
0 0.54453125 0.52148438 0.02968750 0.01171875
0 0.25546875 0.63906250 0.04218750 0.01562500
0 0.25195312 0.68750000 0.03515625 0.01562500
0 0.37187500 0.71054688 0.01875000 0.00859375
0 0.37500000 0.69609375 0.01250000 0.01406250
0 0.33125000 0.68007812 0.01562500 0.01015625
0 0.28750000 0.56875000 0.07187500 0.01562500
0 0.24062500 0.49804688 0.03437500 0.01796875
0 0.59921875 0.63437500 0.02968750 0.00937500
0 0.61718750 0.60898438 0.02187500 0.01796875
