1 0.58522266 0.32265469 0.01732031 0.10155937
1 0.65321875 0.28230234 0.02206250 0.01147969
1 0.68699922 0.29544766 0.04274844 0.01589531
1 0.71555781 0.30990703 0.01549062 0.01356406
1 0.47378437 0.19494297 0.02256875 0.00551094
1 0.50361953 0.20330469 0.03848906 0.01285937
1 0.53306016 0.21434922 0.01924531 0.00682344
1 0.54778594 0.21972266 0.01119687 0.00507031
1 0.56563359 0.22957422 0.02501719 0.01539844
1 0.52571094 0.15812188 0.03579688 0.00999375
1 0.55419375 0.16655703 0.02088750 0.00811406
1 0.58243203 0.18251563 0.03673906 0.02440625
1 0.60053906 0.20777656 0.02295312 0.00930313
1 0.65770781 0.22674297 0.09041562 0.02848594
1 0.62022188 0.14554141 0.11231875 0.05983281
1 0.64660859 0.32460547 0.01196719 0.03983594
