0 0.22851562 0.74296875 0.02890625 0.01718750
0 0.47968750 0.68710938 0.04062500 0.02109375
0 0.35781250 0.62968750 0.01250000 0.02812500
0 0.43867187 0.62226563 0.03671875 0.03203125
0 0.57148438 0.52617187 0.02109375 0.04921875
0 0.57343750 0.46367188 0.01250000 0.02421875
0 0.59843750 0.46210937 0.01250000 0.01484375
0 0.43164062 0.50585938 0.01640625 0.01484375
0 0.52890625 0.47265625 0.02343750 0.03281250
0 0.51796875 0.55781250 0.02343750 0.02187500
0 0.54218750 0.68828125 0.03437500 0.01718750
0 0.34765625 0.50390625 0.02031250 0.01718750
0 0.55664062 0.43515625 0.02578125 0.01718750
