0 0.40742187 0.13789062 0.01171875 0.00703125
0 0.46601562 0.20195313 0.01328125 0.01015625
0 0.45195313 0.19687500 0.01328125 0.00625000
0 0.41601562 0.15976562 0.00703125 0.00703125
0 0.41210938 0.17304687 0.01171875 0.00859375
0 0.36289063 0.21523438 0.02578125 0.01171875
0 0.39101562 0.22382812 0.01328125 0.00703125
0 0.41171875 0.22695313 0.01406250 0.00703125
0 0.49570313 0.24960937 0.01328125 0.00859375
0 0.51406250 0.23906250 0.01562500 0.00937500
0 0.51406250 0.20585938 0.02812500 0.01484375
0 0.36328125 0.25234375 0.00781250 0.01093750
0 0.35468750 0.27148438 0.01250000 0.01171875
0 0.38281250 0.30742188 0.01562500 0.00859375
0 0.59726563 0.28398438 0.01328125 0.00859375
0 0.52226562 0.25273438 0.01640625 0.00859375
0 0.45234375 0.24375000 0.01406250 0.01250000
0 0.49296875 0.30585937 0.01718750 0.01171875
0 0.34882812 0.48476562 0.01328125 0.00703125
0 0.24453125 0.49570313 0.00781250 0.01015625
0 0.24609375 0.50781250 0.00781250 0.00625000
0 0.29726562 0.52421875 0.02578125 0.01093750
0 0.34648438 0.58203125 0.01171875 0.01093750
0 0.32890625 0.56289062 0.01718750 0.00703125
0 0.33046875 0.53242188 0.01406250 0.00859375
0 0.31601563 0.61953125 0.01640625 0.01406250
0 0.30703125 0.59765625 0.02031250 0.01718750
0 0.27812500 0.56132812 0.00625000 0.01015625
0 0.41562500 0.32031250 0.01250000 0.01250000
0 0.44101563 0.30195312 0.01328125 0.01015625
0 0.29296875 0.24570312 0.01718750 0.01015625
0 0.22070312 0.30156250 0.01328125 0.01562500
0 0.39023438 0.15117188 0.01484375 0.00546875
0 0.37343750 0.16992188 0.01562500 0.00859375
0 0.37304688 0.28242187 0.01484375 0.00859375
0 0.41601562 0.28007813 0.01640625 0.01015625
0 0.46835938 0.28007813 0.01484375 0.01015625
0 0.34609375 0.18398438 0.01093750 0.00859375
0 0.37695312 0.18710937 0.01640625 0.01171875
0 0.70273438 0.41132812 0.01171875 0.01015625
0 0.70273438 0.56210938 0.01171875 0.01484375
0 0.70390625 0.54062500 0.01093750 0.00937500
0 0.68632812 0.51953125 0.01953125 0.01718750
0 0.70234375 0.44960937 0.01406250 0.02109375
3 0.59179688 0.49414062 0.09609375 0.10078125
3 0.37343750 0.52343750 0.04375000 0.03437500
0 0.48750000 0.23398437 0.01250000 0.00546875
0 0.44687500 0.17929687 0.01250000 0.00859375
0 0.44648437 0.22148438 0.01484375 0.01796875
0 0.38164063 0.24882813 0.01328125 0.00703125
