0 0.28906250 0.22265625 0.01562500 0.01406250
0 0.05585938 0.28789063 0.03671875 0.02578125
0 0.43828125 0.25000000 0.02031250 0.01562500
0 0.45390625 0.27578125 0.02343750 0.01406250
0 0.39453125 0.28125000 0.02031250 0.01562500
0 0.50117188 0.33320312 0.01171875 0.01015625
0 0.50390625 0.38164063 0.01718750 0.01328125
0 0.46250000 0.41328125 0.03437500 0.01406250
0 0.56328125 0.50703125 0.02656250 0.02343750
0 0.49804688 0.53945312 0.02421875 0.01640625
0 0.48828125 0.51601562 0.01718750 0.01328125
0 0.40117188 0.60742188 0.01484375 0.01171875
0 0.37734375 0.60742188 0.01718750 0.01484375
0 0.35976562 0.59765625 0.01953125 0.01406250
0 0.40859375 0.49804688 0.02968750 0.02109375
0 0.52421875 0.42617187 0.02031250 0.02734375
0 0.36875000 0.25898437 0.01562500 0.01171875
0 0.40156250 0.29960938 0.01875000 0.01171875
