3 0.55429688 0.48164062 0.16796875 0.06015625
0 0.51054687 0.54726562 0.02421875 0.01328125
0 0.31406250 0.44453125 0.02500000 0.01718750
0 0.33632812 0.45703125 0.02578125 0.02031250
0 0.37226562 0.44414063 0.03203125 0.01953125
0 0.37578125 0.52812500 0.03593750 0.02500000
0 0.51367188 0.59414062 0.05546875 0.01640625
0 0.43750000 0.56640625 0.01875000 0.01093750
0 0.41406250 0.54335937 0.02500000 0.01796875
0 0.40000000 0.41640625 0.02187500 0.01093750
0 0.75898438 0.37070313 0.01484375 0.01015625
