3 0.45351562 0.59531250 0.07578125 0.09375000
0 0.54531250 0.54804688 0.02812500 0.01796875
0 0.59062500 0.55156250 0.01875000 0.01250000
0 0.61328125 0.50000000 0.01406250 0.00937500
0 0.65078125 0.52031250 0.02031250 0.01875000
0 0.57031250 0.57695312 0.03125000 0.01953125
0 0.57890625 0.61289063 0.01718750 0.01953125
0 0.57148438 0.64960938 0.01484375 0.01796875
0 0.37343750 0.76171875 0.09375000 0.02343750
0 0.28476563 0.54453125 0.03515625 0.02343750
0 0.54062500 0.41328125 0.02812500 0.01718750
0 0.46132812 0.30859375 0.02890625 0.02031250
0 0.28320312 0.40937500 0.01953125 0.01875000
0 0.39257812 0.35507813 0.02578125 0.01640625
0 0.60625000 0.44921875 0.01562500 0.01406250
0 0.58750000 0.40625000 0.02187500 0.03750000
0 0.32187500 0.55117187 0.02500000 0.01484375
0 0.35195312 0.30429688 0.01640625 0.01171875
0 0.29843750 0.35507813 0.01562500 0.01953125
0 0.50078125 0.60468750 0.01718750 0.01250000
0 0.52265625 0.54570312 0.01406250 0.01328125
0 0.43046875 0.73281250 0.01718750 0.01250000
0 0.41171875 0.72031250 0.02343750 0.01562500
0 0.52343750 0.68242187 0.02187500 0.02421875
0 0.52656250 0.72734375 0.02500000 0.01406250
0 0.62343750 0.54765625 0.01875000 0.01406250
0 0.51953125 0.63750000 0.02343750 0.01562500
