0 0.07500000 0.27500000 0.02812500 0.02500000
0 0.19140625 0.59726563 0.02968750 0.01953125
0 0.29023437 0.52851563 0.02109375 0.01953125
0 0.39843750 0.52929688 0.02812500 0.02109375
0 0.48632812 0.57656250 0.08203125 0.06250000
0 0.69453125 0.61914062 0.03906250 0.04140625
0 0.61914062 0.66718750 0.10703125 0.05625000
0 0.53593750 0.82460937 0.01875000 0.01484375
0 0.32773438 0.59765625 0.06484375 0.04843750
0 0.57343750 0.59687500 0.03750000 0.02812500
0 0.56718750 0.53007812 0.02812500 0.01953125
0 0.54375000 0.71406250 0.03125000 0.02187500
0 0.48906250 0.63710937 0.03125000 0.02109375
