1 0.43327656 0.32733359 0.03530312 0.02029219
1 0.39921328 0.34077578 0.03280156 0.00655156
1 0.55776172 0.35969531 0.22802344 0.04126562
1 0.40836719 0.39651875 0.03860937 0.01491250
1 0.32612500 0.42911328 0.08662500 0.04572656
1 0.61072656 0.39919688 0.13395313 0.03276875
1 0.58060469 0.41988047 0.00808437 0.00851094
1 0.59054766 0.43040000 0.00922031 0.01392500
1 0.52544844 0.44254844 0.01339688 0.01322187
1 0.48727813 0.42940703 0.00893125 0.05568906
1 0.44196563 0.44034453 0.00893125 0.07131406
1 0.42221172 0.45825313 0.01004844 0.01963125
