1 0.45748828 0.30296875 0.06810156 0.01843750
1 0.57549766 0.29665078 0.07287031 0.02142656
1 0.50979531 0.28353906 0.05396563 0.01395313
1 0.46592422 0.25250937 0.02559844 0.00501875
1 0.43492109 0.25242422 0.03859219 0.00797344
1 0.55380859 0.25274063 0.03886719 0.00548125
1 0.49444219 0.25972031 0.02950938 0.01006563
1 0.52215625 0.26123281 0.02556250 0.00996562
1 0.47032656 0.22798984 0.05315313 0.00597969
1 0.57761328 0.23335703 0.04897656 0.01046406
1 0.51339609 0.24042812 0.03929219 0.00898125
