1 0.46007422 0.26860312 0.01389844 0.00283125
1 0.42643281 0.26987109 0.03099063 0.00849219
1 0.47355937 0.27274922 0.01274375 0.00487344
1 0.39791562 0.39057891 0.01770625 0.06240781
1 0.37977812 0.28914141 0.02830625 0.03453281
1 0.42831797 0.31639531 0.07538594 0.04529062
1 0.38805391 0.34073437 0.01673281 0.04396875
1 0.37542422 0.37937031 0.00709844 0.03374062
1 0.37004453 0.41180234 0.00258906 0.02985469
1 0.40822188 0.22902578 0.02269375 0.01117656
1 0.38181719 0.24631719 0.02925937 0.02075938
1 0.36109844 0.26434219 0.01282187 0.01618438
1 0.34929297 0.28376328 0.01108594 0.02377656
1 0.39206641 0.31422109 0.04038281 0.06906719
1 0.43526797 0.52410703 0.05803594 0.05133906
1 0.38127031 0.52113984 0.05004063 0.07352969
1 0.40661328 0.66088125 0.04135156 0.20613750
1 0.41804531 0.67141563 0.00796563 0.12408125
1 0.45177734 0.72285547 0.00980469 0.10508594
