0 0.37968750 0.43593750 0.02812500 0.03125000
0 0.37500000 0.38281250 0.01875000 0.01250000
0 0.40820312 0.48242188 0.03515625 0.03984375
0 0.43085937 0.54453125 0.01484375 0.01406250
0 0.49882813 0.58750000 0.03828125 0.04375000
0 0.55507812 0.60820312 0.02578125 0.01328125
0 0.59414062 0.62539062 0.05703125 0.03203125
0 0.64453125 0.61562500 0.01093750 0.01250000
0 0.63671875 0.64960938 0.02656250 0.02109375
0 0.68437500 0.62578125 0.04687500 0.02656250
0 0.62265625 0.47929688 0.02968750 0.01484375
0 0.52343750 0.42187500 0.01875000 0.01875000
0 0.68671875 0.27890625 0.02968750 0.01718750
0 0.67773438 0.20976563 0.02109375 0.01328125
0 0.67890625 0.23789062 0.03593750 0.03515625
0 0.63593750 0.19218750 0.04687500 0.02500000
0 0.68750000 0.14648438 0.04687500 0.03046875
0 0.63984375 0.16171875 0.03281250 0.02343750
0 0.71953125 0.20468750 0.04843750 0.06562500
3 0.48632812 0.48320313 0.04765625 0.06953125
0 0.63242188 0.38593750 0.06484375 0.02500000
0 0.56015625 0.58593750 0.05156250 0.01875000
0 0.68281250 0.34804687 0.01875000 0.03359375
