0 0.52656250 0.50820312 0.07812500 0.02265625
0 0.54296875 0.43125000 0.03593750 0.01875000
0 0.58710938 0.55390625 0.02421875 0.02656250
0 0.55625000 0.52734375 0.01875000 0.01093750
0 0.54453125 0.60625000 0.03281250 0.03437500
0 0.53359375 0.53945312 0.02031250 0.01953125
0 0.44335938 0.69687500 0.03046875 0.01562500
0 0.45820312 0.66718750 0.04453125 0.02500000
0 0.33398438 0.68515625 0.03359375 0.01718750
0 0.38593750 0.67929688 0.02812500 0.01484375
0 0.41992188 0.72109375 0.03046875 0.02343750
0 0.63828125 0.48554687 0.03593750 0.11796875
0 0.33242187 0.25742188 0.03046875 0.02421875
0 0.28867188 0.23515625 0.03046875 0.02031250
0 0.25078125 0.28828125 0.03593750 0.05156250
0 0.29531250 0.28867188 0.03125000 0.02421875
0 0.30859375 0.33593750 0.02031250 0.01250000
0 0.33203125 0.35351562 0.02031250 0.01640625
0 0.28164062 0.34335938 0.01640625 0.01171875
0 0.25781250 0.32773438 0.02812500 0.01484375
0 0.22304688 0.54375000 0.02734375 0.07500000
0 0.47148438 0.63359375 0.05234375 0.02968750
0 0.49882813 0.58242187 0.02578125 0.03671875
