1 0.68436328 0.30472187 0.04372656 0.01256875
1 0.72088828 0.31953281 0.02927656 0.01719063
1 0.52259219 0.29278750 0.04518438 0.00120000
1 0.49157969 0.29473281 0.01753437 0.00196563
1 0.57513125 0.29675781 0.05963750 0.00601562
1 0.64010859 0.30193984 0.07084219 0.01012969
1 0.52884219 0.26292344 0.03580938 0.00084688
1 0.56746016 0.26670078 0.02554531 0.00527656
1 0.60943125 0.27595000 0.04073750 0.00190000
1 0.49128359 0.29101562 0.02319219 0.00390625
1 0.46063984 0.29735781 0.03690469 0.01034062
1 0.55117813 0.34521797 0.01173125 0.01231094
1 0.54121797 0.35624687 0.00743594 0.00936875
1 0.60474531 0.35387344 0.00949063 0.01087187
1 0.61629922 0.36650000 0.01072344 0.01425000
