1 0.49539766 0.34463516 0.02204531 0.00177031
1 0.46377500 0.34958516 0.03380000 0.00854531
1 0.35221875 0.35682422 0.03881250 0.00114844
1 0.43329922 0.35720781 0.02597344 0.00504062
1 0.44473125 0.37447578 0.07071250 0.00520156
1 0.33375547 0.37514531 0.02063594 0.00029063
1 0.35332188 0.37528984 0.01914375 0.00057969
1 0.38501484 0.37611875 0.04502969 0.00223750
1 0.48440078 0.39275703 0.03442656 0.00113906
1 0.43004766 0.39607031 0.04447031 0.00464062
1 0.37931719 0.39220781 0.06488438 0.00316563
1 0.39033125 0.41209766 0.04316250 0.00232031
1 0.46548203 0.41235469 0.07471406 0.00595938
1 0.57043906 0.40686328 0.03462812 0.00435156
1 0.53722266 0.40927109 0.03382031 0.00604219
1 0.48071484 0.51463594 0.02080469 0.02614687
1 0.59886641 0.48800391 0.05085781 0.01038281
1 0.58203203 0.49490391 0.04218906 0.00230781
1 0.31391328 0.50853281 0.04970156 0.00769063
1 0.34882344 0.50689062 0.02889687 0.00440625
1 0.31971328 0.51390078 0.03005156 0.00905156
1 0.62139375 0.44906016 0.02716250 0.01999531
1 0.62399453 0.45509375 0.03236406 0.02268750
1 0.64223672 0.46393516 0.01884844 0.00912031
1 0.61071250 0.47502031 0.04017500 0.01254063
