1 0.63966250 0.48025781 0.02932500 0.04489063
1 0.59943438 0.44344375 0.07074375 0.01813750
1 0.45256094 0.40690000 0.06137188 0.02630000
1 0.47554062 0.38589687 0.11983125 0.02804375
1 0.56920391 0.40837344 0.05090781 0.01362188
1 0.57290781 0.39391641 0.16144063 0.05033281
1 0.45641719 0.35483516 0.12220937 0.01904531
1 0.57247187 0.35675234 0.04806875 0.00725469
1 0.54944297 0.45880625 0.01451094 0.07073750
1 0.49075469 0.31942578 0.04088437 0.00760156
1 0.52276406 0.32622500 0.02365312 0.00557500
1 0.55211406 0.32964531 0.03547813 0.00304062
