0 0.40429688 0.34921875 0.07421875 0.03906250
0 0.73593750 0.30273438 0.04375000 0.04609375
0 0.70195312 0.24609375 0.04765625 0.04531250
0 0.46484375 0.21132813 0.03906250 0.01953125
0 0.45351562 0.26289062 0.03203125 0.02265625
0 0.55273438 0.29882812 0.03984375 0.02265625
0 0.41875000 0.31406250 0.03437500 0.02187500
0 0.36718750 0.42382812 0.02500000 0.02265625
0 0.36250000 0.45859375 0.04375000 0.03281250
0 0.30039063 0.45937500 0.03515625 0.03125000
3 0.50976562 0.51718750 0.11015625 0.03750000
0 0.52070313 0.55078125 0.03203125 0.02343750
0 0.60351562 0.54296875 0.02578125 0.03281250
0 0.43085937 0.53945312 0.04921875 0.02578125
0 0.39453125 0.50742188 0.04531250 0.03359375
0 0.36210938 0.54218750 0.07421875 0.02812500
0 0.44179687 0.56875000 0.08984375 0.02812500
0 0.48789063 0.60546875 0.03203125 0.02656250
0 0.42539063 0.59414062 0.05703125 0.02578125
0 0.36914062 0.57773438 0.05703125 0.03046875
0 0.51250000 0.64023438 0.04062500 0.02109375
0 0.46406250 0.64218750 0.02812500 0.02187500
0 0.42656250 0.66679687 0.03437500 0.02421875
0 0.41328125 0.62851563 0.02968750 0.02578125
0 0.33789062 0.64179688 0.02265625 0.02109375
0 0.32968750 0.47851562 0.02500000 0.03515625
0 0.55781250 0.72343750 0.05000000 0.02500000
0 0.59570312 0.69492188 0.04765625 0.02421875
0 0.51093750 0.69375000 0.03750000 0.02187500
0 0.68906250 0.71875000 0.02500000 0.01562500
0 0.73320312 0.36445312 0.03828125 0.02578125
0 0.76484375 0.34843750 0.02343750 0.03125000
0 0.46757813 0.29843750 0.02265625 0.01250000
0 0.53554687 0.19257812 0.02421875 0.01328125
0 0.50195312 0.19179688 0.01640625 0.01171875
0 0.64335937 0.28007813 0.03671875 0.01015625
0 0.64648438 0.21601562 0.01171875 0.01328125
