0 0.68750000 0.75898438 0.16562500 0.09609375
0 0.84921875 0.94726562 0.06406250 0.09140625
0 0.92500000 0.69023437 0.07187500 0.09609375
0 0.33828125 0.61289063 0.15781250 0.16015625
0 0.27500000 0.37695312 0.15312500 0.11640625
0 0.53242188 0.40234375 0.15546875 0.18281250
0 0.50507813 0.72773438 0.11640625 0.10859375
0 0.20781250 0.56367188 0.12812500 0.13046875
0 0.52773437 0.14296875 0.22734375 0.14843750
0 0.76992187 0.24296875 0.13046875 0.13593750
0 0.71601563 0.44960937 0.17265625 0.07421875
0 0.61562500 0.59570312 0.51875000 0.26953125
0 0.56015625 0.31796875 0.34843750 0.19531250
0 0.56328125 0.59609375 0.15781250 0.12343750
