0 0.39179687 0.56757813 0.04921875 0.02578125
0 0.60781250 0.29726562 0.08750000 0.03515625
0 0.72109375 0.19218750 0.09218750 0.05000000
0 0.72343750 0.25820312 0.06562500 0.04765625
0 0.60742188 0.26523438 0.06484375 0.04296875
0 0.86093750 0.17773438 0.06250000 0.04609375
0 0.88632813 0.24375000 0.07890625 0.03437500
0 0.88398438 0.29726562 0.06796875 0.03828125
0 0.69960937 0.36640625 0.05546875 0.04218750
0 0.88437500 0.34960938 0.06562500 0.04609375
0 0.82187500 0.35664062 0.04687500 0.04765625
0 0.45507812 0.58046875 0.05078125 0.03906250
0 0.74492187 0.61992187 0.06171875 0.04296875
0 0.41367188 0.63203125 0.03984375 0.05156250
0 0.51953125 0.73750000 0.07968750 0.04375000
0 0.68320313 0.68164062 0.06015625 0.03203125
0 0.66757813 0.78281250 0.07890625 0.03750000
0 0.73554688 0.73593750 0.08671875 0.03750000
0 0.81992188 0.70234375 0.04921875 0.02656250
0 0.55000000 0.24882813 0.04062500 0.02578125
0 0.76992187 0.30468750 0.06796875 0.07187500
