0 0.67187500 0.57031250 0.07500000 0.06875000
0 0.43593750 0.94335938 0.05937500 0.09921875
0 0.74453125 0.74882812 0.05156250 0.06640625
0 0.54062500 0.69453125 0.09687500 0.08281250
0 0.66914063 0.79843750 0.08203125 0.08750000
0 0.76210937 0.82031250 0.03046875 0.02500000
0 0.85156250 0.70312500 0.05312500 0.10312500
0 0.87500000 0.83320313 0.12812500 0.15390625
0 0.77382812 0.67851562 0.16015625 0.13828125
0 0.53320312 0.81679687 0.19140625 0.11484375
0 0.63789063 0.66367188 0.14140625 0.14921875
