0 0.17460938 0.59140625 0.04921875 0.07343750
0 0.24609375 0.61796875 0.03906250 0.07968750
0 0.27890625 0.66640625 0.03593750 0.10781250
0 0.35703125 0.13242187 0.04218750 0.05859375
0 0.14062500 0.70625000 0.04687500 0.08437500
0 0.24335937 0.84882813 0.04921875 0.05390625
0 0.30781250 0.89414063 0.06875000 0.07578125
0 0.37695312 0.66406250 0.05078125 0.04687500
0 0.32343750 0.75976562 0.04687500 0.08515625
0 0.69765625 0.72851562 0.03281250 0.06015625
0 0.68164062 0.55351562 0.03515625 0.04140625
0 0.69765625 0.84609375 0.06093750 0.09531250
0 0.75742188 0.62695312 0.03984375 0.09140625
0 0.63828125 0.72851562 0.03906250 0.08515625
0 0.42578125 0.71835938 0.04218750 0.03984375
0 0.76093750 0.90898437 0.04687500 0.06796875
0 0.75390625 0.74296875 0.06093750 0.07656250
0 0.84765625 0.71640625 0.04843750 0.07031250
0 0.83007812 0.82539063 0.05390625 0.06328125
