0 0.26445313 0.63085938 0.05703125 0.08671875
0 0.35664062 0.60742188 0.12578125 0.08984375
0 0.56914062 0.61679688 0.07890625 0.07109375
0 0.69023437 0.48867187 0.18984375 0.17109375
0 0.57851562 0.74804688 0.22578125 0.22109375
0 0.28085938 0.88281250 0.08984375 0.11875000
0 0.78476563 0.69257813 0.15078125 0.21015625
0 0.20507812 0.09843750 0.17890625 0.10000000
0 0.62226563 0.26562500 0.12578125 0.05000000
0 0.22500000 0.18593750 0.21875000 0.08125000
0 0.27851562 0.50625000 0.12578125 0.08437500
0 0.42187500 0.86562500 0.14687500 0.16562500
0 0.42265625 0.74960938 0.15781250 0.13671875
0 0.53867188 0.58515625 0.23984375 0.15781250
0 0.72812500 0.35273437 0.22187500 0.13671875
0 0.31015625 0.77109375 0.11093750 0.15781250
0 0.18710937 0.87734375 0.21484375 0.15781250
0 0.51875000 0.46914062 0.19687500 0.11328125
0 0.20195313 0.52187500 0.10390625 0.08437500
