0 0.39726563 0.52578125 0.13515625 0.14218750
0 0.38867188 0.33593750 0.10859375 0.06875000
0 0.66523438 0.50468750 0.08671875 0.15625000
0 0.56835938 0.23867188 0.14921875 0.30546875
0 0.26796875 0.19609375 0.09531250 0.11093750
0 0.29335937 0.74804688 0.10859375 0.13984375
0 0.42070313 0.13671875 0.15078125 0.14218750
0 0.76445312 0.50273437 0.08515625 0.14609375
0 0.63203125 0.69140625 0.13593750 0.13281250
0 0.46523437 0.66601562 0.10859375 0.08515625
0 0.21250000 0.60898438 0.09687500 0.12734375
0 0.87226563 0.49218750 0.08828125 0.15000000
