0 0.22773437 0.59218750 0.10859375 0.07812500
0 0.21406250 0.25820312 0.08437500 0.13203125
0 0.32656250 0.24765625 0.12187500 0.06093750
0 0.26640625 0.37343750 0.07343750 0.05937500
0 0.64687500 0.34062500 0.10937500 0.11562500
0 0.48671875 0.50312500 0.07968750 0.11875000
0 0.59960938 0.54609375 0.09609375 0.11406250
0 0.08710938 0.92968750 0.06171875 0.14062500
0 0.25156250 0.92851562 0.05625000 0.13828125
0 0.32421875 0.64062500 0.09218750 0.15625000
0 0.43437500 0.58750000 0.11250000 0.18437500
0 0.51679688 0.79726562 0.09921875 0.16640625
0 0.76093750 0.71835938 0.08750000 0.14921875
0 0.66367188 0.83203125 0.08359375 0.10156250
0 0.72539062 0.46367188 0.06015625 0.07109375
0 0.61171875 0.42343750 0.10156250 0.07812500
0 0.81367188 0.56093750 0.07734375 0.08125000
0 0.67070312 0.94062500 0.07890625 0.08750000
0 0.44335938 0.94960937 0.05234375 0.09609375
