0 0.35859375 0.16210938 0.08281250 0.11484375
0 0.56679687 0.76015625 0.10546875 0.12968750
0 0.69296875 0.56679687 0.09218750 0.13359375
0 0.58125000 0.53945312 0.10000000 0.14140625
0 0.50351563 0.62148437 0.08203125 0.10546875
0 0.68476563 0.40664062 0.07578125 0.12578125
0 0.68437500 0.82109375 0.09687500 0.12968750
0 0.76250000 0.33750000 0.08125000 0.13437500
0 0.58671875 0.41992188 0.10781250 0.11484375
0 0.42070313 0.50742188 0.11953125 0.08984375
0 0.58359375 0.08828125 0.05781250 0.10156250
0 0.69531250 0.15468750 0.08750000 0.09375000
0 0.63281250 0.95195312 0.08437500 0.08203125
0 0.70546875 0.68828125 0.10781250 0.07656250
0 0.43906250 0.05898437 0.10937500 0.08359375
