0 0.21250000 0.49882813 0.05000000 0.05078125
0 0.26718750 0.35468750 0.05312500 0.06875000
0 0.12070312 0.93867188 0.05703125 0.07734375
0 0.45000000 0.57226562 0.07812500 0.08203125
0 0.37851563 0.35429688 0.08515625 0.09921875
0 0.58281250 0.08242188 0.06562500 0.05234375
0 0.53007812 0.17343750 0.07265625 0.07187500
0 0.49335937 0.29570313 0.07734375 0.11328125
0 0.72265625 0.12812500 0.08281250 0.09687500
0 0.71210938 0.28593750 0.04921875 0.14687500
0 0.67539063 0.19843750 0.04765625 0.06875000
0 0.77421875 0.20468750 0.04843750 0.11562500
0 0.88359375 0.55703125 0.04531250 0.05781250
0 0.79492188 0.51250000 0.07734375 0.11250000
0 0.62734375 0.34648438 0.05468750 0.11796875
0 0.49179688 0.50585938 0.06484375 0.09921875
0 0.48632812 0.69453125 0.05703125 0.09843750
0 0.55625000 0.81171875 0.07187500 0.17656250
0 0.55429688 0.64804688 0.03359375 0.08359375
0 0.57421875 0.40117188 0.04531250 0.07109375
0 0.58945313 0.56093750 0.04140625 0.10000000
0 0.67773438 0.42343750 0.03671875 0.07187500
0 0.70273438 0.50585938 0.05859375 0.07109375
0 0.66523438 0.59687500 0.08671875 0.14687500
0 0.74765625 0.78710938 0.04843750 0.05859375
0 0.13203125 0.61250000 0.04843750 0.10312500
0 0.18828125 0.80859375 0.05156250 0.10156250
0 0.16953125 0.86171875 0.11093750 0.10781250
