0 0.35703125 0.38750000 0.14843750 0.03750000
0 0.44531250 0.40937500 0.14687500 0.05937500
0 0.61054688 0.37031250 0.09296875 0.02812500
0 0.58359375 0.43359375 0.12031250 0.03593750
0 0.27890625 0.64960938 0.11718750 0.04296875
0 0.68515625 0.56601563 0.11718750 0.05703125
0 0.45429687 0.67031250 0.09296875 0.04687500
0 0.38867188 0.45546875 0.12734375 0.06406250
0 0.71289062 0.45859375 0.09765625 0.02968750
0 0.41328125 0.57968750 0.11406250 0.03125000
0 0.66367188 0.51054687 0.15859375 0.04921875
0 0.74179688 0.28125000 0.12734375 0.06562500
0 0.48671875 0.44843750 0.11406250 0.05000000
