0 0.43906250 0.20937500 0.06250000 0.06875000
0 0.58085937 0.52734375 0.12109375 0.09531250
0 0.73789063 0.31445312 0.14453125 0.15703125
0 0.42851563 0.48632812 0.13203125 0.16640625
0 0.51953125 0.12968750 0.07656250 0.10000000
0 0.78320312 0.16093750 0.14140625 0.13125000
0 0.53320312 0.66562500 0.18203125 0.15000000
0 0.39140625 0.69062500 0.08593750 0.10000000
0 0.51171875 0.26171875 0.06406250 0.08593750
0 0.66367188 0.11054688 0.09296875 0.11171875
0 0.39023438 0.29062500 0.10546875 0.10937500
0 0.40234375 0.87890625 0.19843750 0.11406250
0 0.23828125 0.82890625 0.17343750 0.12343750
0 0.71015625 0.52773437 0.10156250 0.20234375
0 0.60625000 0.39140625 0.16250000 0.17343750
0 0.65234375 0.19804688 0.11406250 0.06171875
