0 0.45195313 0.03750000 0.08203125 0.05937500
0 0.22460938 0.73085937 0.08984375 0.08984375
0 0.31171875 0.67070312 0.04218750 0.08515625
0 0.43789062 0.34492187 0.09765625 0.10546875
0 0.20546875 0.41757813 0.05468750 0.06953125
0 0.63945312 0.09179688 0.06640625 0.09921875
0 0.34726563 0.84414062 0.06953125 0.06640625
0 0.36250000 0.62695312 0.05625000 0.11953125
0 0.60859375 0.46992187 0.04843750 0.10546875
0 0.71835938 0.20390625 0.04609375 0.09531250
0 0.41914062 0.48867187 0.06015625 0.09609375
0 0.61015625 0.20234375 0.10781250 0.13906250
0 0.70664063 0.09531250 0.06328125 0.10312500
0 0.42734375 0.72695312 0.08593750 0.06015625
0 0.24062500 0.53046875 0.07500000 0.07031250
0 0.51875000 0.47539063 0.05000000 0.09140625
0 0.46796875 0.62968750 0.10156250 0.07812500
0 0.78671875 0.27578125 0.06406250 0.07343750
0 0.76484375 0.39062500 0.07968750 0.10000000
0 0.87539062 0.20820312 0.05078125 0.09140625
0 0.28398438 0.38750000 0.09296875 0.21250000
0 0.45937500 0.23164062 0.06875000 0.08203125
0 0.43046875 0.80195313 0.06093750 0.04765625
0 0.82539063 0.41445312 0.03828125 0.11328125
0 0.85585937 0.04687500 0.06796875 0.06250000
