0 0.10703125 0.42890625 0.03593750 0.04218750
0 0.09921875 0.48242188 0.05781250 0.04609375
0 0.18320312 0.59296875 0.05078125 0.05156250
0 0.25546875 0.55000000 0.08281250 0.04687500
0 0.29101562 0.72656250 0.05390625 0.08125000
0 0.14023437 0.18632813 0.04296875 0.04765625
0 0.18984375 0.16835938 0.07343750 0.06796875
0 0.28867188 0.26914063 0.06171875 0.05078125
0 0.36132812 0.34843750 0.08515625 0.04375000
0 0.31523438 0.63437500 0.04296875 0.03750000
0 0.31718750 0.14960937 0.04375000 0.01796875
0 0.23085938 0.80664062 0.03671875 0.02890625
0 0.39609375 0.42617187 0.04531250 0.04921875
0 0.18671875 0.23437500 0.07031250 0.04062500
0 0.36210938 0.58828125 0.03671875 0.04218750
0 0.25000000 0.62578125 0.05312500 0.06093750
0 0.28164062 0.20820312 0.04140625 0.04765625
0 0.04765625 0.29609375 0.04218750 0.02343750
0 0.10585938 0.26367188 0.04921875 0.01796875
0 0.36601563 0.26132813 0.04453125 0.03203125
0 0.36992188 0.52031250 0.03671875 0.03125000
0 0.35468750 0.70546875 0.04687500 0.05781250
