0 0.53164062 0.48242188 0.07578125 0.09296875
0 0.40546875 0.68554688 0.08281250 0.06484375
0 0.56953125 0.75156250 0.07343750 0.07500000
0 0.46171875 0.74648437 0.07343750 0.06484375
0 0.66601562 0.54296875 0.06640625 0.10781250
0 0.73203125 0.78203125 0.09843750 0.15781250
0 0.54765625 0.95937500 0.11718750 0.08125000
0 0.37851563 0.89023438 0.07578125 0.13046875
0 0.28281250 0.84492188 0.10000000 0.12734375
0 0.92734375 0.78242188 0.07343750 0.11796875
0 0.39140625 0.20351563 0.09843750 0.09765625
0 0.55859375 0.30000000 0.09843750 0.18750000
0 0.35117188 0.58125000 0.13046875 0.10000000
0 0.35273437 0.41367188 0.27421875 0.18046875
0 0.72031250 0.09570312 0.12500000 0.12265625
0 0.89023438 0.20820312 0.09296875 0.16015625
0 0.72226563 0.62343750 0.06015625 0.07500000
0 0.69882813 0.33906250 0.14765625 0.27812500
0 0.95234375 0.37265625 0.07968750 0.10781250
0 0.81250000 0.62031250 0.13437500 0.23750000
0 0.95859375 0.64882812 0.08281250 0.12265625
0 0.28007813 0.22031250 0.13828125 0.17500000
0 0.52890625 0.13203125 0.23593750 0.15781250
0 0.88125000 0.37460938 0.21562500 0.28046875
0 0.17656250 0.89648438 0.11875000 0.18984375
0 0.70546875 0.88046875 0.14531250 0.23906250
0 0.56523437 0.62773437 0.25859375 0.15546875
0 0.20937500 0.54687500 0.14375000 0.22812500
