0 0.69257813 0.49726562 0.08203125 0.06640625
0 0.39257812 0.15664063 0.05390625 0.04453125
0 0.43828125 0.32500000 0.06406250 0.04687500
0 0.48085937 0.10390625 0.06484375 0.04218750
0 0.46367188 0.23398437 0.09921875 0.04609375
0 0.51914063 0.31914063 0.05078125 0.08515625
0 0.59882813 0.23398437 0.06015625 0.07734375
0 0.55820313 0.39414063 0.06640625 0.04453125
0 0.70273438 0.36875000 0.07109375 0.07187500
0 0.73984375 0.42226562 0.11406250 0.05703125
0 0.89453125 0.41523437 0.07343750 0.06171875
0 0.48710938 0.43945312 0.09921875 0.05078125
0 0.61210937 0.32304688 0.06796875 0.05546875
0 0.60742188 0.51718750 0.06796875 0.03750000
0 0.71601563 0.29296875 0.08515625 0.05781250
0 0.83789062 0.48320313 0.08203125 0.03515625
0 0.80976563 0.35195312 0.07578125 0.04765625
0 0.60390625 0.45078125 0.05156250 0.05156250
0 0.42187500 0.37578125 0.06562500 0.03281250
