0 0.27734375 0.08593750 0.09531250 0.04062500
0 0.06054688 0.33515625 0.12109375 0.08906250
0 0.06523437 0.43984375 0.11171875 0.08593750
0 0.24960937 0.47578125 0.16171875 0.07656250
0 0.12031250 0.53242188 0.10000000 0.07109375
0 0.38476562 0.39257812 0.09140625 0.05078125
0 0.21562500 0.68789062 0.08750000 0.06953125
0 0.23320313 0.22187500 0.11328125 0.05625000
0 0.23242188 0.38437500 0.15234375 0.05000000
0 0.07656250 0.60000000 0.14062500 0.08750000
0 0.19218750 0.32343750 0.09687500 0.06562500
