0 0.37421875 0.10468750 0.04218750 0.07812500
0 0.41132812 0.22460938 0.05703125 0.09296875
0 0.34414062 0.25703125 0.06953125 0.10156250
0 0.29804687 0.29726562 0.06484375 0.05703125
0 0.47304687 0.09218750 0.03984375 0.07812500
0 0.23750000 0.30468750 0.03437500 0.06875000
0 0.36718750 0.49960938 0.05312500 0.07421875
0 0.15507813 0.37968750 0.03828125 0.09687500
0 0.33945313 0.37968750 0.08828125 0.10937500
0 0.27773437 0.66445312 0.06484375 0.11328125
0 0.23750000 0.46601562 0.10000000 0.06640625
0 0.17617188 0.63710937 0.08671875 0.15234375
0 0.36054687 0.71210938 0.04609375 0.08984375
0 0.29921875 0.55781250 0.08906250 0.09062500
0 0.16484375 0.93750000 0.06718750 0.10937500
0 0.41132812 0.78515625 0.04140625 0.08593750
0 0.41835937 0.39882812 0.05546875 0.14765625
