0 0.09960938 0.43515625 0.07109375 0.05781250
0 0.19492187 0.47148438 0.08671875 0.10234375
0 0.30898437 0.32382813 0.07421875 0.07578125
0 0.26679687 0.65468750 0.08671875 0.11562500
0 0.60507813 0.39609375 0.09453125 0.12343750
0 0.35703125 0.52343750 0.11718750 0.05625000
0 0.40781250 0.62773437 0.06875000 0.07421875
0 0.37031250 0.70898438 0.05625000 0.09609375
0 0.78437500 0.16132812 0.05937500 0.08828125
0 0.95273438 0.38945313 0.06796875 0.07578125
0 0.49687500 0.59687500 0.09375000 0.13125000
0 0.67070312 0.55156250 0.10703125 0.07812500
0 0.52500000 0.47539063 0.05312500 0.09140625
0 0.60546875 0.63203125 0.05156250 0.05781250
0 0.95898438 0.53046875 0.06796875 0.11093750
0 0.76250000 0.62851563 0.14687500 0.05703125
0 0.95976562 0.16601562 0.06015625 0.13203125
0 0.74960938 0.45390625 0.04921875 0.07656250
0 0.92773438 0.71328125 0.05234375 0.11406250
0 0.97421875 0.64960938 0.05156250 0.10859375
0 0.85078125 0.42226562 0.05781250 0.09140625
0 0.85468750 0.30390625 0.06562500 0.11718750
0 0.68632812 0.32656250 0.06640625 0.05625000
0 0.97734375 0.80742187 0.04531250 0.11171875
