0 0.18828125 0.41484375 0.08593750 0.02656250
0 0.10898437 0.45546875 0.06484375 0.03593750
0 0.02031250 0.51328125 0.03437500 0.05468750
0 0.38320312 0.49492188 0.06640625 0.04296875
0 0.35820313 0.39296875 0.06328125 0.04531250
0 0.54062500 0.42656250 0.07187500 0.02812500
0 0.63203125 0.71289062 0.06718750 0.02890625
0 0.20039062 0.60351562 0.04453125 0.04765625
0 0.33750000 0.62031250 0.09687500 0.05000000
0 0.32109375 0.71054688 0.05156250 0.03046875
0 0.19882812 0.35585937 0.04765625 0.02734375
0 0.45312500 0.52773437 0.05625000 0.03359375
0 0.33828125 0.77343750 0.05468750 0.04062500
0 0.55585938 0.21015625 0.06171875 0.03593750
0 0.21875000 0.49570313 0.08750000 0.02578125
0 0.45820312 0.60312500 0.07578125 0.02500000
0 0.45468750 0.73710937 0.06875000 0.03984375
0 0.38085938 0.73125000 0.04921875 0.03750000
0 0.63671875 0.82265625 0.06406250 0.05468750
0 0.78789062 0.72226563 0.05078125 0.03515625
0 0.81562500 0.48242188 0.05937500 0.03984375
0 0.17890625 0.54453125 0.04843750 0.02968750
0 0.20546875 0.69296875 0.06093750 0.04531250
0 0.29726562 0.38125000 0.05703125 0.02812500
0 0.36835937 0.43046875 0.06171875 0.02656250
