0 0.31484375 0.39609375 0.04843750 0.07968750
0 0.38671875 0.39492187 0.03593750 0.06484375
0 0.42187500 0.50937500 0.04062500 0.06875000
0 0.38164063 0.52773437 0.06015625 0.08359375
0 0.53125000 0.61914062 0.07187500 0.07265625
0 0.33203125 0.06835938 0.06718750 0.08671875
0 0.37578125 0.81679687 0.04843750 0.06171875
0 0.26367188 0.86640625 0.04296875 0.07968750
0 0.54648438 0.18554688 0.05546875 0.08671875
0 0.38515625 0.30546875 0.05781250 0.07968750
0 0.60078125 0.31445312 0.06718750 0.09453125
0 0.72421875 0.31953125 0.06718750 0.10156250
