0 0.40195313 0.35351562 0.01953125 0.02265625
0 0.64179688 0.51093750 0.10546875 0.12500000
0 0.47265625 0.61914062 0.02656250 0.02578125
0 0.35000000 0.65507812 0.03125000 0.03515625
0 0.31914063 0.65976563 0.02890625 0.03828125
0 0.38476562 0.69882813 0.01953125 0.02578125
0 0.29023437 0.70390625 0.04296875 0.04843750
0 0.31953125 0.70507812 0.01718750 0.02578125
0 0.53828125 0.71445313 0.02656250 0.04453125
0 0.65429688 0.71445313 0.03359375 0.03203125
0 0.34218750 0.72226563 0.03125000 0.02890625
0 0.49257812 0.78164062 0.01953125 0.02578125
0 0.47734375 0.79882812 0.01406250 0.02265625
0 0.46875000 0.16992188 0.07187500 0.08984375
