0 0.66250000 0.66054687 0.03437500 0.02421875
0 0.70664063 0.68945312 0.05078125 0.03828125
0 0.63750000 0.69257813 0.03437500 0.02890625
0 0.61562500 0.71718750 0.03750000 0.03125000
0 0.72929687 0.71718750 0.04296875 0.03125000
0 0.66132813 0.74140625 0.05078125 0.03593750
0 0.73867187 0.74960938 0.03984375 0.02421875
0 0.69609375 0.75664062 0.02656250 0.02890625
0 0.62187500 0.77812500 0.03437500 0.03125000
0 0.69140625 0.80273438 0.02968750 0.02421875
0 0.66445312 0.82656250 0.05078125 0.05312500
