0 0.76406250 0.27929688 0.19062500 0.06484375
0 0.38437500 0.31601563 0.09687500 0.06953125
0 0.83789062 0.39179687 0.13828125 0.08671875
0 0.45898438 0.42421875 0.08984375 0.07968750
0 0.37148437 0.43398437 0.09296875 0.07421875
0 0.62656250 0.44687500 0.13437500 0.06250000
0 0.52382812 0.46718750 0.10078125 0.05312500
0 0.31835938 0.48085937 0.07109375 0.04296875
0 0.60781250 0.50273437 0.05937500 0.04296875
0 0.68281250 0.50312500 0.09687500 0.05312500
0 0.64296875 0.56328125 0.10468750 0.05781250
0 0.53984375 0.58046875 0.10781250 0.05781250
0 0.32343750 0.59023437 0.07812500 0.06484375
0 0.58398438 0.63515625 0.09296875 0.05781250
0 0.46718750 0.65625000 0.13437500 0.05312500
0 0.65976563 0.76015625 0.08203125 0.06718750
0 0.77968750 0.81835938 0.09687500 0.07421875
0 0.66445312 0.87031250 0.15703125 0.07187500
