0 0.48593750 0.43437500 0.07500000 0.07812500
0 0.56289062 0.45937500 0.03828125 0.03750000
0 0.40039062 0.69140625 0.05078125 0.04218750
0 0.13398437 0.69218750 0.05859375 0.04687500
0 0.20742188 0.71015625 0.03984375 0.02656250
0 0.19882812 0.72656250 0.03828125 0.02187500
0 0.37890625 0.73710937 0.03593750 0.03359375
0 0.55000000 0.73945313 0.03437500 0.03828125
0 0.14531250 0.74414062 0.05625000 0.04765625
0 0.34453125 0.74531250 0.05156250 0.03750000
0 0.57812500 0.74726563 0.03750000 0.04453125
0 0.15468750 0.77773437 0.04687500 0.03046875
