0 0.34609375 0.33945313 0.04531250 0.05078125
0 0.54335937 0.49726562 0.04296875 0.03828125
0 0.51601562 0.89414063 0.05078125 0.05078125
0 0.33398438 0.96132812 0.05859375 0.03828125
0 0.45078125 0.97734375 0.02968750 0.02656250
0 0.47109375 0.98593750 0.02968750 0.02812500
0 0.14531250 0.84062500 0.03437500 0.04687500
0 0.35312500 0.92773438 0.03750000 0.02421875
0 0.48242188 0.92382812 0.02734375 0.02265625
0 0.44062500 0.82773438 0.03125000 0.02421875
0 0.44882813 0.73242188 0.03828125 0.03671875
