0 0.68554688 0.49882813 0.08671875 0.09140625
0 0.58398438 0.50234375 0.08671875 0.10468750
0 0.97070312 0.51484375 0.05078125 0.10468750
0 0.70468750 0.58007812 0.06250000 0.06015625
0 0.53398437 0.60351562 0.08671875 0.09140625
0 0.36015625 0.62421875 0.09843750 0.10156250
0 0.68554688 0.69765625 0.11796875 0.11093750
0 0.44414063 0.70703125 0.06953125 0.09843750
0 0.59296875 0.73476562 0.09843750 0.08828125
0 0.37656250 0.73515625 0.08437500 0.12031250
0 0.25507812 0.82539063 0.09140625 0.07578125
0 0.40429688 0.86445313 0.07421875 0.08828125
0 0.17890625 0.88320312 0.05781250 0.05703125
0 0.59179688 0.89765625 0.07421875 0.13593750
0 0.31562500 0.91601562 0.05312500 0.06640625
0 0.24453125 0.94726562 0.07968750 0.06015625
0 0.42343750 0.95195312 0.12500000 0.06953125
0 0.55078125 0.26132813 0.06718750 0.07890625
0 0.48476562 0.26601562 0.06953125 0.08203125
0 0.47265625 0.38164063 0.10781250 0.09140625
0 0.81250000 0.40664062 0.06250000 0.07890625
0 0.74218750 0.40976563 0.09375000 0.09140625
