0 0.38750000 0.33007812 0.05312500 0.06015625
0 0.28359375 0.36015625 0.06718750 0.07031250
0 0.38906250 0.36914062 0.06250000 0.05078125
0 0.54687500 0.38085938 0.10312500 0.11796875
0 0.29062500 0.40820312 0.05312500 0.05703125
0 0.44414063 0.41132812 0.03828125 0.05703125
0 0.32851562 0.47070312 0.05078125 0.05078125
0 0.25468750 0.47382812 0.05312500 0.05703125
0 0.17421875 0.54101562 0.04531250 0.05078125
0 0.48906250 0.55664062 0.06250000 0.05703125
0 0.72109375 0.57695312 0.03593750 0.05078125
0 0.16562500 0.59570312 0.05312500 0.05078125
0 0.45078125 0.59765625 0.03593750 0.06718750
0 0.47617188 0.61289063 0.04296875 0.06015625
0 0.17851563 0.66132813 0.03828125 0.03515625
0 0.51757812 0.66757813 0.05078125 0.04765625
0 0.09609375 0.70507812 0.04531250 0.06015625
0 0.50390625 0.72734375 0.04531250 0.07968750
0 0.63359375 0.11640625 0.04531250 0.07968750
0 0.57500000 0.23203125 0.06250000 0.07968750
