2 0.39257812 0.49257812 0.03828125 0.04765625
2 0.51679688 0.50195312 0.04296875 0.04765625
2 0.63867188 0.50820312 0.04296875 0.04765625
2 0.73242188 0.53320312 0.04296875 0.04765625
0 0.72812500 0.05507812 0.06250000 0.04765625
0 0.75156250 0.61484375 0.09375000 0.07031250
0 0.64609375 0.06445312 0.04531250 0.05703125
0 0.58906250 0.65546875 0.05312500 0.06718750
0 0.48007813 0.65351563 0.05078125 0.03828125
0 0.64492187 0.67421875 0.07421875 0.06718750
0 0.54882812 0.73164063 0.03828125 0.03515625
0 0.59570312 0.75664062 0.05078125 0.04765625
0 0.32734375 0.76914063 0.07656250 0.06015625
0 0.58750000 0.81445312 0.05312500 0.04765625
0 0.71289062 0.11914062 0.06015625 0.04765625
0 0.61171875 0.16914062 0.05781250 0.05078125
0 0.30664062 0.17578125 0.06953125 0.07031250
0 0.38671875 0.18476562 0.03593750 0.03828125
0 0.43945312 0.19726562 0.06953125 0.05703125
0 0.64570313 0.20820312 0.06015625 0.06015625
0 0.76640625 0.22226562 0.03593750 0.04453125
0 0.54414063 0.26171875 0.06953125 0.08281250
0 0.38750000 0.26328125 0.06250000 0.06718750
0 0.67109375 0.26601562 0.06718750 0.06015625
0 0.21328125 0.27695313 0.04531250 0.04453125
0 0.44179687 0.30546875 0.08671875 0.07031250
0 0.56054688 0.31914063 0.08671875 0.05078125
0 0.33906250 0.32226562 0.05312500 0.05703125
0 0.64843750 0.34921875 0.08437500 0.06718750
0 0.26171875 0.35195312 0.05781250 0.06015625
0 0.70000000 0.39257812 0.05312500 0.06015625
0 0.63632813 0.41601562 0.06015625 0.06015625
0 0.59570312 0.41445312 0.06015625 0.05703125
0 0.36953125 0.42851563 0.04531250 0.06015625
0 0.29023437 0.43320313 0.08671875 0.05703125
0 0.55664062 0.44570312 0.06015625 0.05703125
