0 0.38867188 0.61445313 0.04296875 0.02890625
0 0.49257812 0.57578125 0.04765625 0.03593750
0 0.29687500 0.65859375 0.09687500 0.03593750
0 0.34648438 0.72460938 0.05859375 0.04609375
0 0.63671875 0.72031250 0.04218750 0.01875000
0 0.67187500 0.73828125 0.02500000 0.02031250
0 0.70976562 0.72617188 0.01953125 0.01484375
0 0.72617188 0.66953125 0.04921875 0.07656250
0 0.48867187 0.38984375 0.04296875 0.02968750
0 0.57265625 0.36093750 0.02656250 0.02187500
0 0.59531250 0.38945313 0.04062500 0.01953125
0 0.67031250 0.37148437 0.06562500 0.06796875
0 0.44687500 0.33632812 0.06562500 0.02265625
0 0.38320312 0.37773438 0.03515625 0.01796875
0 0.53437500 0.44101563 0.03125000 0.03828125
0 0.50585938 0.49570313 0.02734375 0.02890625
0 0.40742187 0.73125000 0.03046875 0.02187500
0 0.42421875 0.43437500 0.02656250 0.01562500
0 0.38476562 0.41562500 0.02265625 0.00937500
0 0.55078125 0.48632812 0.02656250 0.01953125
0 0.24257813 0.63320312 0.01640625 0.01328125
0 0.31875000 0.62656250 0.03125000 0.02812500
