0 0.71835938 0.55507812 0.05234375 0.02890625
0 0.73242188 0.58085937 0.05234375 0.02421875
0 0.57968750 0.59335938 0.04687500 0.03359375
0 0.37578125 0.59687500 0.02656250 0.02812500
0 0.74218750 0.70859375 0.02500000 0.01406250
0 0.63085938 0.71640625 0.03984375 0.02656250
0 0.54570312 0.77265625 0.03515625 0.02343750
0 0.38828125 0.48515625 0.02656250 0.01406250
0 0.71132812 0.34882812 0.05703125 0.03203125
0 0.76796875 0.40976563 0.02656250 0.01640625
0 0.70820313 0.38046875 0.07265625 0.02968750
0 0.60937500 0.36875000 0.02500000 0.01562500
0 0.59023437 0.32890625 0.03671875 0.04218750
0 0.66679687 0.28789063 0.02421875 0.01953125
0 0.73046875 0.47343750 0.02656250 0.02500000
0 0.75507813 0.43945312 0.06328125 0.01953125
0 0.57226562 0.73085937 0.02890625 0.02109375
0 0.42460938 0.63125000 0.02421875 0.02812500
