0 0.18007813 0.59960938 0.01640625 0.02109375
0 0.44257812 0.96015625 0.02890625 0.02031250
0 0.63437500 0.85468750 0.01875000 0.01875000
0 0.57851562 0.59726563 0.02890625 0.02578125
0 0.52578125 0.58867187 0.04843750 0.04609375
0 0.31406250 0.66289062 0.03750000 0.01640625
0 0.60000000 0.64492187 0.05625000 0.06796875
0 0.55664062 0.64687500 0.01640625 0.01562500
0 0.52421875 0.65664062 0.03593750 0.03203125
0 0.49453125 0.70781250 0.07656250 0.02187500
0 0.55429688 0.72187500 0.02109375 0.02500000
0 0.54296875 0.75390625 0.04218750 0.01406250
0 0.68867188 0.64257812 0.02734375 0.01953125
0 0.66171875 0.60351562 0.03281250 0.01328125
0 0.64765625 0.57656250 0.01718750 0.02500000
0 0.59570312 0.55390625 0.06640625 0.02968750
0 0.64648438 0.64843750 0.02421875 0.01562500
0 0.66835937 0.61718750 0.00859375 0.00937500
0 0.62851563 0.72421875 0.03203125 0.02031250
0 0.29804687 0.83007812 0.03359375 0.01953125
0 0.58945313 0.41171875 0.03828125 0.03281250
0 0.61796875 0.43632813 0.02656250 0.02578125
0 0.52929688 0.44101563 0.02109375 0.01640625
0 0.41171875 0.37187500 0.07968750 0.05000000
0 0.38242188 0.29023437 0.02421875 0.01484375
0 0.22656250 0.36406250 0.02187500 0.01562500
0 0.25273438 0.39414063 0.01796875 0.02890625
0 0.35351562 0.35234375 0.02578125 0.01718750
0 0.33554688 0.40781250 0.01796875 0.02812500
0 0.36445312 0.41250000 0.01640625 0.01562500
0 0.63007813 0.48593750 0.01953125 0.03125000
0 0.66835937 0.49882813 0.03984375 0.07265625
1 0.30898437 0.42031250 0.03671875 0.09062500
0 0.33242187 0.51210937 0.03984375 0.02109375
0 0.50273437 0.81562500 0.03046875 0.01875000
