1 0.58469688 0.28941016 0.11626875 0.07882031
1 0.53914063 0.30907578 0.04078125 0.09315156
1 0.57888047 0.27371953 0.11713594 0.07556406
1 0.55371484 0.25724922 0.08242969 0.08012344
1 0.54968125 0.49018516 0.06811250 0.05537031
1 0.65578828 0.20674609 0.10845156 0.02599219
1 0.59387266 0.47275469 0.05962031 0.08300937
1 0.55702891 0.64995156 0.02655781 0.05615312
1 0.57362422 0.61522813 0.02849844 0.01795625
1 0.55786953 0.64978516 0.00636406 0.04332031
1 0.51632344 0.44773828 0.03577188 0.02360156
