0 0.61367187 0.22265625 0.04921875 0.05156250
0 0.55234375 0.21289062 0.03281250 0.02265625
0 0.47148438 0.25195312 0.05859375 0.05390625
0 0.39804688 0.22773437 0.05234375 0.05546875
0 0.34453125 0.26601562 0.04531250 0.06640625
0 0.31484375 0.31015625 0.01718750 0.01406250
0 0.32968750 0.33789062 0.01875000 0.02890625
0 0.30664062 0.40039062 0.01328125 0.01953125
0 0.51992187 0.49804688 0.02734375 0.02109375
0 0.51640625 0.45898438 0.01718750 0.01484375
0 0.36757812 0.49687500 0.04765625 0.02812500
0 0.54921875 0.25429687 0.05468750 0.02734375
0 0.49101563 0.21093750 0.03828125 0.02500000
0 0.54179687 0.32070312 0.02734375 0.02265625
0 0.70078125 0.21171875 0.02343750 0.02343750
0 0.63945312 0.27382812 0.05703125 0.02578125
0 0.74921875 0.30078125 0.03906250 0.05781250
0 0.75390625 0.45117188 0.02031250 0.01484375
0 0.62890625 0.48554687 0.02343750 0.01796875
0 0.60468750 0.55625000 0.02187500 0.01562500
0 0.34062500 0.53750000 0.02187500 0.02187500
0 0.60625000 0.48984375 0.01562500 0.01406250
0 0.47773437 0.49687500 0.02421875 0.02500000
0 0.37031250 0.60820312 0.03125000 0.01953125
0 0.31093750 0.55507812 0.01250000 0.01953125
0 0.33203125 0.59726563 0.01718750 0.01328125
0 0.58593750 0.69648438 0.01875000 0.01796875
0 0.68164062 0.59414062 0.02265625 0.01640625
0 0.69960937 0.63007813 0.02109375 0.01640625
0 0.70859375 0.60781250 0.02656250 0.01250000
0 0.76953125 0.53359375 0.01406250 0.01718750
0 0.55625000 0.72617188 0.04375000 0.01796875
0 0.48867187 0.72226563 0.02734375 0.01640625
0 0.37890625 0.62851563 0.02031250 0.01328125
0 0.64062500 0.69453125 0.04062500 0.01718750
0 0.55546875 0.67304688 0.03593750 0.01484375
0 0.53242188 0.70312500 0.01796875 0.02500000
0 0.56250000 0.35781250 0.02187500 0.01875000
0 0.58984375 0.33242187 0.02343750 0.01171875
