0 0.35000000 0.50078125 0.04062500 0.03281250
0 0.31953125 0.53984375 0.07031250 0.03281250
0 0.44062500 0.44648437 0.06562500 0.06796875
0 0.39023438 0.30234375 0.03984375 0.02031250
0 0.43906250 0.39140625 0.02500000 0.02343750
0 0.41718750 0.34023437 0.02500000 0.02421875
0 0.51992187 0.44687500 0.05546875 0.05625000
0 0.48515625 0.37773438 0.02031250 0.01171875
0 0.50703125 0.55507812 0.03281250 0.02578125
0 0.54023438 0.52187500 0.04921875 0.03750000
0 0.35976562 0.57265625 0.02265625 0.01093750
0 0.16757812 0.23984375 0.03203125 0.01406250
0 0.16953125 0.26523438 0.06093750 0.02421875
0 0.41523437 0.56523437 0.05546875 0.03671875
0 0.38593750 0.50742188 0.02812500 0.01796875
0 0.29609375 0.66132813 0.02343750 0.01328125
