0 0.40664062 0.51093750 0.04140625 0.02812500
0 0.36171875 0.48750000 0.04843750 0.02812500
0 0.33164063 0.36015625 0.05078125 0.02968750
0 0.36093750 0.30781250 0.05312500 0.01875000
0 0.41484375 0.32617188 0.02968750 0.01796875
0 0.41367188 0.42343750 0.02734375 0.01875000
0 0.37656250 0.37539062 0.01562500 0.01640625
0 0.55156250 0.40312500 0.03125000 0.01875000
0 0.49570313 0.44023438 0.07578125 0.05234375
0 0.56718750 0.44257812 0.07500000 0.02265625
0 0.55976563 0.51406250 0.03203125 0.02500000
0 0.47070312 0.50664062 0.07265625 0.03203125
0 0.61484375 0.65664062 0.03906250 0.01640625
0 0.54960937 0.17421875 0.05546875 0.04843750
0 0.73398438 0.28046875 0.05546875 0.07343750
0 0.56640625 0.47539063 0.07968750 0.03515625
0 0.72578125 0.39960937 0.02968750 0.02421875
0 0.75937500 0.48085937 0.01875000 0.02109375
0 0.40820312 0.19843750 0.03828125 0.02187500
0 0.62031250 0.17148437 0.03125000 0.01484375
