0 0.51250000 0.29218750 0.02812500 0.03437500
0 0.47226563 0.32929687 0.04453125 0.02109375
0 0.41406250 0.33789062 0.01875000 0.01640625
0 0.36367187 0.37460938 0.02109375 0.02421875
0 0.47460938 0.38242188 0.06484375 0.02109375
0 0.65117187 0.34960938 0.03984375 0.02109375
0 0.62148437 0.29453125 0.01796875 0.03593750
0 0.73593750 0.33867188 0.04375000 0.04921875
0 0.74765625 0.59101563 0.02343750 0.01640625
0 0.76328125 0.63398438 0.02031250 0.02421875
0 0.71640625 0.60898438 0.01093750 0.00859375
0 0.78906250 0.44882813 0.01875000 0.01953125
0 0.76718750 0.37460938 0.01875000 0.02109375
0 0.46875000 0.54921875 0.01875000 0.01406250
0 0.49960938 0.58515625 0.02109375 0.01406250
3 0.37734375 0.62031250 0.09218750 0.10625000
3 0.73437500 0.62890625 0.06562500 0.03593750
0 0.39765625 0.30859375 0.02656250 0.02031250
0 0.54960937 0.36093750 0.03046875 0.01562500
