0 0.64531250 0.18945312 0.04375000 0.02890625
0 0.72539062 0.39609375 0.04765625 0.03593750
0 0.50703125 0.20664062 0.09218750 0.03203125
0 0.40195313 0.12500000 0.03515625 0.02500000
0 0.38085938 0.20390625 0.04921875 0.02343750
0 0.59531250 0.26484375 0.13750000 0.03281250
0 0.34179688 0.66796875 0.05546875 0.03281250
0 0.28164062 0.71992188 0.03515625 0.02734375
0 0.19921875 0.67421875 0.04531250 0.04218750
0 0.26640625 0.77070313 0.02968750 0.04140625
0 0.60703125 0.72968750 0.05468750 0.04375000
1 0.84296875 0.73828125 0.06093750 0.10468750
0 0.69531250 0.58085937 0.08125000 0.02109375
0 0.82382813 0.29726562 0.03515625 0.02265625
0 0.72226563 0.08593750 0.03828125 0.02187500
