1 0.52617187 0.44765625 0.11796875 0.00781250
1 0.39765625 0.72382813 0.07656250 0.06640625
0 0.34375000 0.64531250 0.03750000 0.01875000
0 0.38320312 0.71757812 0.02890625 0.03828125
0 0.34335938 0.74570313 0.01796875 0.01640625
0 0.32578125 0.69570312 0.02968750 0.04453125
0 0.35000000 0.67226562 0.02500000 0.01953125
0 0.57109375 0.71953125 0.02968750 0.01406250
0 0.32539062 0.75429687 0.01015625 0.01484375
0 0.47421875 0.83437500 0.06093750 0.02500000
0 0.41679688 0.82304687 0.04609375 0.04296875
0 0.44414063 0.85859375 0.03828125 0.02031250
0 0.38085938 0.84023437 0.01796875 0.03046875
0 0.41054687 0.86914062 0.03359375 0.03203125
0 0.58945313 0.89531250 0.04140625 0.02187500
0 0.50507813 0.89257812 0.02578125 0.01640625
0 0.44609375 0.88750000 0.03593750 0.02500000
0 0.64023438 0.82617188 0.08046875 0.06171875
0 0.55781250 0.82773438 0.02187500 0.01484375
0 0.70468750 0.63320312 0.05000000 0.01953125
0 0.72656250 0.67265625 0.02500000 0.02656250
0 0.71601563 0.64765625 0.05390625 0.01406250
0 0.52968750 0.48632812 0.01875000 0.01328125
0 0.55898437 0.46484375 0.02109375 0.02343750
0 0.55859375 0.48906250 0.02656250 0.01875000
0 0.50000000 0.51289063 0.02500000 0.01953125
0 0.47148438 0.47500000 0.03046875 0.02500000
0 0.78046875 0.63906250 0.02656250 0.03125000
0 0.76562500 0.67656250 0.02500000 0.03125000
0 0.69257813 0.71601563 0.04765625 0.01640625
0 0.70976562 0.68750000 0.03828125 0.02500000
0 0.73437500 0.73789063 0.03437500 0.03828125
0 0.75156250 0.78476563 0.02187500 0.01953125
0 0.72070312 0.77656250 0.03828125 0.02812500
0 0.69453125 0.84765625 0.01718750 0.01718750
0 0.66562500 0.86757812 0.02187500 0.02265625
0 0.48007813 0.87109375 0.01953125 0.01406250
0 0.50937500 0.86562500 0.01875000 0.01562500
0 0.58164063 0.84375000 0.03828125 0.02500000
0 0.67656250 0.75156250 0.02500000 0.02187500
0 0.58984375 0.62148437 0.02656250 0.03046875
0 0.31054688 0.62968750 0.03046875 0.04062500
0 0.31484375 0.66171875 0.05468750 0.01406250
0 0.43593750 0.47812500 0.02187500 0.01562500
