3 0.61679688 0.59531250 0.04296875 0.03750000
3 0.44296875 0.72773438 0.08906250 0.05859375
3 0.72773438 0.73984375 0.05546875 0.03593750
3 0.64375000 0.68398437 0.04375000 0.04921875
0 0.39140625 0.71210938 0.03906250 0.03984375
0 0.74453125 0.70585937 0.03593750 0.02109375
0 0.66054687 0.78046875 0.03671875 0.02031250
0 0.73554688 0.77812500 0.05234375 0.02187500
0 0.41679688 0.73867187 0.02734375 0.01796875
0 0.41835937 0.71367187 0.01484375 0.01796875
0 0.32773438 0.67695313 0.01484375 0.02265625
0 0.34765625 0.70156250 0.04843750 0.02812500
0 0.30937500 0.71250000 0.02812500 0.03437500
0 0.35429688 0.72539062 0.03671875 0.02265625
0 0.37148437 0.76054687 0.03984375 0.05234375
0 0.40703125 0.81367188 0.02343750 0.02421875
0 0.44687500 0.78007812 0.05937500 0.03203125
0 0.42617187 0.75625000 0.07109375 0.03125000
0 0.34570312 0.82187500 0.03203125 0.02500000
0 0.34882812 0.57226562 0.02265625 0.02265625
0 0.32617188 0.57968750 0.01484375 0.01250000
0 0.31367187 0.60585937 0.01796875 0.01484375
0 0.50898438 0.51015625 0.01796875 0.01718750
0 0.61718750 0.55312500 0.01875000 0.01250000
0 0.58750000 0.58046875 0.02500000 0.01718750
0 0.63867188 0.52695313 0.03359375 0.03828125
0 0.50390625 0.89218750 0.10468750 0.04375000
0 0.49687500 0.94101563 0.10000000 0.05390625
0 0.66328125 0.95078125 0.03593750 0.02968750
0 0.58984375 0.94257813 0.05468750 0.04453125
0 0.64765625 0.89414063 0.15781250 0.04765625
0 0.39335938 0.84492188 0.03359375 0.03046875
0 0.44648437 0.81289062 0.04296875 0.02265625
0 0.35585937 0.87265625 0.04609375 0.03593750
0 0.30820313 0.80937500 0.03203125 0.04687500
0 0.41367188 0.90117187 0.05234375 0.01796875
0 0.28593750 0.64179688 0.02187500 0.01796875
0 0.53632813 0.77617187 0.02265625 0.01171875
0 0.44843750 0.70976562 0.01875000 0.01328125
1 0.59921875 0.51601562 0.13593750 0.02265625
