1 0.62535859 0.29350312 0.17259219 0.04013125
1 0.49724531 0.26790781 0.40074062 0.04206562
1 0.56258125 0.23563750 0.19703750 0.02127500
1 0.37804375 0.25313750 0.20296250 0.04690000
1 0.30660859 0.24618047 0.07259219 0.05173594
1 0.30488437 0.23602187 0.07851875 0.07204375
1 0.29180547 0.22687031 0.07111094 0.06624063
1 0.41466484 0.21220391 0.14495469 0.00878281
1 0.31381094 0.20911797 0.11824688 0.04948594
1 0.38205000 0.26942422 0.15785000 0.01384844
1 0.38865859 0.51353594 0.08356719 0.15519688
1 0.37078203 0.57565859 0.03531406 0.02944219
1 0.60458906 0.47134844 0.02167813 0.03332188
1 0.64331328 0.53172422 0.02412656 0.02282344
1 0.53356641 0.29928906 0.01713281 0.02670313
