1 0.41210938 0.52421875 0.03671875 0.04218750
1 0.40000000 0.46445313 0.06875000 0.02578125
1 0.62343750 0.47148438 0.06562500 0.02109375
0 0.47734375 0.32812500 0.01718750 0.01250000
0 0.44531250 0.31289062 0.02187500 0.01015625
1 0.53671875 0.30390625 0.16406250 0.02343750
0 0.42187500 0.31601563 0.01562500 0.01015625
0 0.57968750 0.32539062 0.01875000 0.01640625
0 0.61015625 0.32265625 0.01718750 0.01093750
0 0.43945312 0.29296875 0.01640625 0.01093750
3 0.61445313 0.49453125 0.04765625 0.03906250
