0 0.55703125 0.58281250 0.02656250 0.01562500
0 0.34140625 0.58554688 0.01406250 0.01484375
0 0.39101562 0.68984375 0.01953125 0.00781250
0 0.31914063 0.62031250 0.01640625 0.00937500
0 0.33007812 0.60507813 0.01015625 0.00703125
0 0.33945313 0.54843750 0.01328125 0.00937500
0 0.26835938 0.38906250 0.01796875 0.00937500
0 0.23632812 0.41171875 0.03828125 0.02656250
0 0.20273437 0.51796875 0.01484375 0.01093750
0 0.16601562 0.60976562 0.01328125 0.01015625
0 0.27187500 0.60039062 0.02187500 0.01328125
0 0.49531250 0.61054688 0.01562500 0.01171875
0 0.40000000 0.63632813 0.02500000 0.01640625
0 0.50546875 0.40781250 0.02968750 0.01250000
