1 0.16322813 0.78336719 0.08895625 0.07610938
1 0.18977734 0.55185156 0.03892969 0.06620313
1 0.12234141 0.53740547 0.08218281 0.08731094
1 0.05408125 0.58366406 0.03316250 0.10170313
1 0.08147500 0.50907422 0.08795000 0.05564844
1 0.05611328 0.49236641 0.09660156 0.05660781
1 0.03989141 0.46787344 0.07353281 0.03262187
1 0.21297031 0.83118281 0.06344063 0.06236562
1 0.84048828 0.77490547 0.09660156 0.08731094
1 0.81320781 0.81976562 0.07641562 0.06140625
1 0.92137969 0.56492734 0.08650937 0.08922969
1 0.90948281 0.48229219 0.07209063 0.03645938
1 0.48315781 0.15300391 0.79444063 0.11225781
1 0.49174844 0.15325703 0.40537187 0.01901406
1 0.17254922 0.27827734 0.26072344 0.16280469
1 0.50067266 0.35764688 0.17947031 0.01841875
1 0.48259141 0.37520859 0.14018281 0.01604219
1 0.46317188 0.25024062 0.12321875 0.14735625
1 0.51160781 0.20446641 0.04196563 0.08080781
1 0.73616328 0.21961875 0.12232656 0.02673750
1 0.13683359 0.31742813 0.16429219 0.14735625
1 0.23572031 0.13046719 0.33394062 0.12655938
1 0.31764063 0.08100703 0.38215625 0.10576406
1 0.62880156 0.08944687 0.40447812 0.06951875
1 0.78013672 0.17190781 0.15089844 0.04694062
1 0.08092812 0.43406094 0.10560625 0.02124688
1 0.93126250 0.44648906 0.10315000 0.01797812
