1 0.50195312 0.29921875 0.21953125 0.01406250
1 0.50703125 0.43828125 0.08906250 0.01093750
1 0.53671875 0.40351562 0.02343750 0.05390625
1 0.47070312 0.39179687 0.02890625 0.05859375
1 0.63867188 0.48750000 0.12421875 0.03125000
1 0.42421875 0.49101563 0.07343750 0.03515625
1 0.50546875 0.68359375 0.06406250 0.01093750
3 0.50429687 0.40703125 0.09609375 0.06093750
3 0.42343750 0.37812500 0.05312500 0.01875000
3 0.56796875 0.38125000 0.05468750 0.01875000
3 0.61523438 0.57187500 0.06796875 0.10625000
3 0.37929687 0.56250000 0.11171875 0.08750000
3 0.51132813 0.54921875 0.07578125 0.03593750
3 0.50859375 0.72460938 0.14843750 0.05546875
3 0.51132813 0.60273438 0.02578125 0.02109375
3 0.66914063 0.54921875 0.04140625 0.03593750
3 0.31171875 0.59726563 0.02968750 0.03828125
3 0.37773438 0.70742187 0.04609375 0.03984375
0 0.70859375 0.57968750 0.01406250 0.01875000
0 0.71562500 0.63359375 0.01875000 0.02343750
0 0.31914063 0.67031250 0.01953125 0.01875000
0 0.27656250 0.60156250 0.02812500 0.02812500
0 0.31406250 0.57187500 0.02812500 0.01875000
