1 0.85404062 0.11793125 0.25183125 0.07336250
1 0.80925703 0.07063125 0.29038906 0.06626250
1 0.86245078 0.04673906 0.15302656 0.05285313
1 0.59725937 0.33624531 0.03201875 0.06624063
1 0.58639922 0.32134453 0.03842344 0.06456406
1 0.87435469 0.55085391 0.05183437 0.06108281
1 0.87763516 0.59269297 0.09589531 0.15101094
1 0.15942969 0.29906563 0.30323438 0.03563125
1 0.13107266 0.32658984 0.23714531 0.05005469
1 0.83852500 0.30850703 0.31142500 0.03888906
1 0.95434609 0.23888516 0.03369219 0.01527031
1 0.93992344 0.26389531 0.10797187 0.03091563
1 0.92997812 0.27922031 0.12870625 0.01781562
1 0.09333984 0.27565000 0.17105469 0.02630000
1 0.08113828 0.20718984 0.04665156 0.02375469
1 0.06273203 0.23832734 0.06608906 0.01102969
1 0.41947500 0.30924609 0.02332500 0.05599219
1 0.39317969 0.31208125 0.02073437 0.05853750
