1 0.37460938 0.48281250 0.03046875 0.02500000
1 0.35898438 0.56406250 0.05546875 0.10000000
1 0.60000000 0.54570312 0.05000000 0.10078125
0 0.48437500 0.35742188 0.01875000 0.01484375
0 0.57734375 0.45117188 0.01718750 0.02109375
0 0.53593750 0.44296875 0.01562500 0.01406250
0 0.68828125 0.39570312 0.01406250 0.01328125
0 0.35507813 0.43945312 0.02578125 0.01328125
0 0.35898438 0.49726562 0.02734375 0.01953125
0 0.49843750 0.51562500 0.02187500 0.01250000
0 0.55234375 0.61328125 0.01406250 0.01093750
0 0.27929688 0.42382812 0.01484375 0.01328125
