0 0.41718750 0.29687500 0.02187500 0.01250000
0 0.60117188 0.41914062 0.02109375 0.01328125
0 0.56640625 0.43281250 0.02031250 0.01250000
0 0.45156250 0.42187500 0.02187500 0.01250000
0 0.30625000 0.62578125 0.02187500 0.01718750
0 0.47460938 0.81992188 0.01484375 0.01484375
0 0.74375000 0.65507812 0.02187500 0.01640625
3 0.30273438 0.63046875 0.08671875 0.09531250
3 0.39570312 0.57421875 0.06640625 0.03593750
3 0.79882812 0.61562500 0.08515625 0.08750000
3 0.73515625 0.57304687 0.08593750 0.03671875
0 0.49726562 0.28710938 0.03203125 0.01484375
