1 0.34948750 0.35547578 0.26460000 0.06720156
1 0.67341484 0.35512109 0.26870469 0.05711719
1 0.49283984 0.32133984 0.05755469 0.00830469
1 0.29612187 0.32975937 0.12661875 0.03139375
1 0.33846641 0.29277969 0.24568281 0.06055938
1 0.60134922 0.28162578 0.32769844 0.03200156
1 0.67374062 0.30120000 0.19748125 0.03990000
1 0.56882891 0.31665234 0.08453281 0.00830469
1 0.53618516 0.32434766 0.54424531 0.06744531
1 0.46111406 0.37421562 0.03472812 0.02968125
1 0.44676562 0.35106641 0.02790625 0.03963281
1 0.55432344 0.24938125 0.11177187 0.00501250
1 0.52556484 0.34335391 0.00425469 0.00858281
1 0.52809297 0.35791016 0.00618594 0.02207031
1 0.80226016 0.53682812 0.05139531 0.04553125
1 0.80176172 0.51610859 0.07539844 0.03846719
1 0.22467656 0.63878125 0.00247813 0.04006250
1 0.21911484 0.56337500 0.03822969 0.05800000
1 0.29768203 0.50532812 0.02661406 0.00753125
1 0.27663125 0.51103359 0.01576250 0.00331719
1 0.25785547 0.51478594 0.02196094 0.00457187
1 0.22307500 0.52658906 0.00865000 0.00630312
1 0.20894766 0.53893594 0.01164531 0.01224688
1 0.22834375 0.33682344 0.04106250 0.02989688
1 0.76366563 0.31216172 0.04295625 0.01807344
1 0.79464062 0.33303984 0.02053125 0.01295469
