1 0.54584922 0.44482500 0.04169844 0.05527500
1 0.56489609 0.39426172 0.02666719 0.00727344
1 0.56419453 0.40752187 0.02526406 0.01191875
1 0.55874453 0.51985938 0.00498906 0.05846875
1 0.53967266 0.54441172 0.01372031 0.03882344
1 0.52748125 0.55355234 0.01746250 0.03835469
1 0.53905547 0.58285703 0.00623594 0.03133906
1 0.55187109 0.53882266 0.00374219 0.07764531
1 0.51936016 0.58894766 0.01372031 0.03414531
1 0.50260859 0.27138359 0.02396719 0.00214219
1 0.53517031 0.28638828 0.01409063 0.01652656
