0 0.63437500 0.81367188 0.02187500 0.01484375
0 0.66523438 0.53007812 0.02109375 0.01640625
0 0.65156250 0.54882812 0.01875000 0.01328125
0 0.72148437 0.47500000 0.01796875 0.01250000
0 0.40312500 0.68984375 0.01875000 0.01718750
0 0.45390625 0.67421875 0.01718750 0.01406250
0 0.51171875 0.70703125 0.01406250 0.01718750
0 0.49609375 0.72109375 0.02968750 0.01718750
0 0.51054687 0.75390625 0.02421875 0.01718750
0 0.48242188 0.74531250 0.02109375 0.00937500
0 0.53398437 0.74921875 0.02109375 0.01093750
0 0.70937500 0.74257812 0.01562500 0.01328125
0 0.61835938 0.75976562 0.01796875 0.01640625
0 0.51718750 0.78710938 0.01562500 0.01484375
0 0.42968750 0.75117188 0.02187500 0.02109375
0 0.69648438 0.88554687 0.02734375 0.03671875
0 0.73593750 0.83906250 0.01562500 0.01562500
0 0.72070312 0.86015625 0.01328125 0.01406250
0 0.56093750 0.78125000 0.01875000 0.01250000
0 0.46484375 0.78125000 0.04218750 0.02812500
0 0.44414063 0.70195312 0.03203125 0.02265625
0 0.38398437 0.72421875 0.01796875 0.01093750
0 0.38789062 0.77031250 0.01953125 0.00937500
0 0.40273437 0.75625000 0.01484375 0.01875000
0 0.63046875 0.90273437 0.03906250 0.03046875
0 0.54570312 0.87031250 0.01953125 0.02500000
3 0.52382812 0.72226563 0.12265625 0.13515625
