0 0.56445312 0.41250000 0.03515625 0.04687500
0 0.36289063 0.41718750 0.04453125 0.06562500
0 0.46914062 0.42812500 0.03203125 0.05000000
0 0.53515625 0.55781250 0.02968750 0.04687500
0 0.58476562 0.58437500 0.04140625 0.05312500
0 0.19257812 0.60039062 0.03828125 0.05703125
0 0.44765625 0.60078125 0.03281250 0.05468750
0 0.36757812 0.60507813 0.04140625 0.05078125
0 0.19921875 0.89257812 0.04218750 0.07265625
0 0.56796875 0.89335937 0.05468750 0.06796875
0 0.12734375 0.90351563 0.05468750 0.07890625
0 0.43515625 0.31328125 0.03906250 0.05781250
