3 0.52187500 0.50976562 0.12187500 0.05390625
1 0.54531250 0.59257812 0.03437500 0.04453125
0 0.67968750 0.48281250 0.02500000 0.01875000
0 0.68125000 0.45703125 0.02812500 0.01406250
0 0.72500000 0.52929688 0.02187500 0.03046875
0 0.69882813 0.54531250 0.01953125 0.01562500
0 0.77460938 0.51640625 0.01796875 0.01718750
0 0.63554687 0.49101563 0.02109375 0.01640625
0 0.61054688 0.50625000 0.05234375 0.02500000
0 0.65937500 0.41914062 0.05937500 0.02578125
0 0.70039063 0.45859375 0.02578125 0.02031250
0 0.70546875 0.48007813 0.02656250 0.02265625
0 0.51757812 0.67070312 0.02578125 0.01953125
0 0.51015625 0.63906250 0.02343750 0.01875000
0 0.54414063 0.55625000 0.02578125 0.01875000
0 0.68710938 0.52421875 0.01796875 0.01406250
0 0.66953125 0.50117188 0.03906250 0.01484375
