0 0.39882812 0.39140625 0.02578125 0.02343750
0 0.40820312 0.36289063 0.01328125 0.01015625
0 0.50000000 0.75234375 0.01875000 0.01406250
0 0.54335937 0.67812500 0.00859375 0.00937500
0 0.55937500 0.68281250 0.01562500 0.01250000
0 0.58281250 0.67148438 0.01250000 0.01171875
0 0.55000000 0.56289062 0.01250000 0.01015625
0 0.58164063 0.55273438 0.01015625 0.01171875
0 0.60664063 0.54531250 0.02265625 0.01875000
0 0.59531250 0.57500000 0.01562500 0.02812500
0 0.27460937 0.63671875 0.01171875 0.01093750
0 0.38593750 0.74492187 0.01875000 0.01484375
0 0.32539062 0.69492188 0.01640625 0.01484375
0 0.42890625 0.40312500 0.01718750 0.00937500
0 0.38984375 0.43476562 0.01718750 0.01328125
0 0.39335938 0.40937500 0.01171875 0.00625000
0 0.37265625 0.39960937 0.02031250 0.01484375
0 0.23671875 0.54140625 0.01093750 0.01406250
0 0.30625000 0.57695312 0.01250000 0.01328125
0 0.26523438 0.57187500 0.02109375 0.01250000
0 0.23515625 0.60468750 0.01406250 0.01562500
0 0.24960937 0.63867188 0.01484375 0.01171875
0 0.45898438 0.73125000 0.02421875 0.01562500
0 0.56210938 0.62617188 0.03984375 0.02734375
0 0.56562500 0.65312500 0.03125000 0.01875000
0 0.55976563 0.59453125 0.03828125 0.02031250
0 0.61562500 0.57265625 0.01562500 0.02343750
