1 0.61271719 0.26794141 0.05355938 0.02650781
1 0.62337969 0.24939531 0.04050937 0.02691562
1 0.61971094 0.22935312 0.03942188 0.02120625
1 0.50729453 0.25298984 0.02083906 0.00285469
1 0.49359609 0.25462109 0.00906719 0.00611719
1 0.55238125 0.27271016 0.01413750 0.07667031
1 0.46066875 0.36916250 0.01196250 0.01957500
1 0.50082969 0.36365938 0.05790938 0.01794375
1 0.64750234 0.36569453 0.00750469 0.00638906
1 0.65324766 0.37350781 0.00337031 0.00951563
1 0.62235781 0.37262656 0.02909062 0.01712812
1 0.59890703 0.37603984 0.02281406 0.00520469
