0 0.46796875 0.74453125 0.02343750 0.01718750
0 0.54335937 0.71523437 0.03046875 0.02109375
0 0.53007812 0.64062500 0.01640625 0.01250000
0 0.50156250 0.49062500 0.02187500 0.02187500
0 0.56406250 0.58671875 0.01562500 0.02031250
0 0.54257813 0.61250000 0.01953125 0.01562500
0 0.43593750 0.59921875 0.01562500 0.01093750
0 0.24179687 0.65703125 0.01484375 0.01093750
0 0.20117188 0.54921875 0.01796875 0.01718750
0 0.23203125 0.51054687 0.01093750 0.01484375
0 0.47890625 0.83203125 0.02343750 0.01406250
0 0.48085937 0.79882812 0.02109375 0.01328125
0 0.35351562 0.83867187 0.01640625 0.01171875
0 0.44218750 0.84609375 0.01875000 0.01406250
0 0.23750000 0.74843750 0.01250000 0.00937500
0 0.23750000 0.72109375 0.01250000 0.01093750
0 0.45546875 0.54296875 0.01093750 0.01093750
0 0.46484375 0.56757813 0.01406250 0.01015625
0 0.46484375 0.59804687 0.01093750 0.00859375
0 0.46914062 0.63398438 0.07265625 0.02734375
0 0.47929688 0.67304688 0.01796875 0.01484375
0 0.44648437 0.67851562 0.02421875 0.01328125
0 0.49921875 0.74414062 0.01718750 0.01328125
0 0.50429687 0.81406250 0.01484375 0.01562500
0 0.52734375 0.67382812 0.02031250 0.01328125
0 0.59414062 0.63906250 0.02890625 0.02500000
0 0.50664062 0.60507813 0.01953125 0.01328125
0 0.50742188 0.57421875 0.02421875 0.01718750
0 0.56250000 0.63906250 0.02187500 0.01562500
0 0.56679687 0.61289063 0.02109375 0.01328125
