1 0.61458750 0.20096484 0.10417500 0.03317969
1 0.44926641 0.14263984 0.20478281 0.07277969
1 0.38782734 0.10216406 0.14127969 0.04495312
1 0.48807656 0.20561250 0.17615312 0.10810000
1 0.60673906 0.12872656 0.08847812 0.04495312
1 0.63183516 0.16051797 0.13867031 0.04291094
1 0.57471797 0.09478438 0.24631094 0.04581875
1 0.62214922 0.23427266 0.04429844 0.03104531
1 0.46235000 0.20335000 0.11220000 0.08170000
1 0.34588906 0.09410391 0.11365312 0.07570781
1 0.45309531 0.05920156 0.18119062 0.02777812
1 0.61231172 0.07102734 0.11837344 0.03267969
1 0.66424844 0.05306406 0.08787188 0.06862812
1 0.57855937 0.29444766 0.00399375 0.07952031
1 0.40841016 0.01840156 0.16994531 0.02430313
1 0.33065000 0.07646094 0.11755000 0.09979688
1 0.30634766 0.04473906 0.06894531 0.08635313
1 0.28455078 0.04345781 0.04722656 0.08066562
1 0.23363281 0.03724141 0.06101563 0.07135781
1 0.25310625 0.04170391 0.05308750 0.06153281
1 0.26089609 0.31003828 0.05929219 0.10445156
1 0.26106875 0.36517500 0.05963750 0.05222500
1 0.26657266 0.41818828 0.07377031 0.01137656
1 0.27901328 0.50520469 0.04240156 0.07290937
1 0.31461719 0.55229297 0.03860938 0.08583594
1 0.31577500 0.59463828 0.00655000 0.04240156
1 0.32776719 0.75970234 0.03678438 0.32252969
1 0.45400938 0.53095000 0.02989375 0.12127500
1 0.28719531 0.57503828 0.02751563 0.09070156
