1 0.60970000 0.28263750 0.03815000 0.07152500
1 0.60886953 0.28609063 0.17398906 0.10655625
1 0.56895781 0.29116953 0.04104063 0.05108906
1 0.28515156 0.23950391 0.05780312 0.05400781
1 0.36346641 0.22278281 0.13005781 0.01119063
1 0.33939687 0.20136719 0.12254375 0.02773437
1 0.45038828 0.19151562 0.12890156 0.04865625
1 0.37374453 0.24445547 0.06936406 0.09828594
1 0.33534141 0.25438906 0.13005781 0.03065312
1 0.45348594 0.24420937 0.07572187 0.01654375
1 0.55158047 0.21007734 0.06878594 0.01702969
1 0.59123906 0.19271172 0.03872813 0.00729844
1 0.50942891 0.23077344 0.00635781 0.02092187
1 0.50461563 0.27399219 0.02485625 0.07298438
1 0.63163828 0.23463828 0.22890156 0.04427656
1 0.57596641 0.31293125 0.03005781 0.03211250
1 0.45727031 0.31656328 0.03641562 0.07687656
1 0.49715469 0.27765859 0.01618438 0.04281719
1 0.33142188 0.27486953 0.10346875 0.01848906
1 0.30727734 0.17866875 0.07705469 0.02608750
1 0.26103750 0.21578594 0.08770000 0.07532188
1 0.24556016 0.20259844 0.07237031 0.07082187
