0 0.23398437 0.63554687 0.03984375 0.02734375
0 0.31835938 0.56523437 0.02421875 0.01171875
0 0.29179688 0.57500000 0.02109375 0.01250000
0 0.32656250 0.58750000 0.01562500 0.01250000
0 0.31523438 0.63515625 0.02109375 0.02656250
0 0.47695312 0.58906250 0.02578125 0.01562500
0 0.47890625 0.56328125 0.02968750 0.02656250
0 0.61601562 0.56679687 0.01640625 0.01796875
0 0.62890625 0.59843750 0.04843750 0.01250000
0 0.47226563 0.41015625 0.01953125 0.01406250
0 0.38593750 0.18125000 0.02812500 0.01250000
0 0.47695312 0.30703125 0.02578125 0.01406250
0 0.50039062 0.27031250 0.02578125 0.01562500
0 0.48710938 0.36640625 0.03046875 0.02343750
0 0.54375000 0.25156250 0.03125000 0.01250000
0 0.42812500 0.33203125 0.04687500 0.02031250
0 0.25703125 0.66484375 0.04843750 0.02968750
0 0.28085938 0.63320312 0.02421875 0.01953125
