1 0.58429219 0.29566641 0.17795938 0.01945781
1 0.26172344 0.36296484 0.09532188 0.03842969
1 0.40632031 0.33741172 0.22201563 0.04669844
1 0.64183594 0.32280312 0.03992188 0.00498125
1 0.67727500 0.33074531 0.02017500 0.00836563
1 0.58355859 0.34190547 0.13899219 0.01193594
1 0.54678281 0.38045234 0.25294063 0.04215469
1 0.43865703 0.36754844 0.07418906 0.01947187
1 0.26585234 0.40577266 0.05982969 0.01154531
1 0.42735234 0.43339297 0.01095469 0.05741094
1 0.72502891 0.75742813 0.02505781 0.22423125
1 0.64224687 0.54743984 0.01261875 0.00112969
1 0.66135703 0.55034453 0.02583906 0.00381406
1 0.68223281 0.55516094 0.01446562 0.00719687
1 0.71092734 0.57710625 0.04372969 0.03546250
1 0.37096563 0.42405859 0.08568125 0.01999219
1 0.31676406 0.43850625 0.02102812 0.01138750
