1 0.22739609 0.32643672 0.07354219 0.02787344
1 0.69690547 0.33201172 0.05318594 0.01402344
1 0.73400000 0.34218750 0.01800000 0.00625000
1 0.75485703 0.35238203 0.02533906 0.01413906
1 0.70346719 0.37528047 0.12568437 0.05993594
1 0.62272656 0.35327734 0.08295313 0.02842969
1 0.44996406 0.33684531 0.28117813 0.03306563
1 0.26180859 0.35486719 0.12361719 0.02223437
1 0.41090078 0.35380078 0.05305156 0.00760156
1 0.51526484 0.35631328 0.13052969 0.00950156
1 0.70359922 0.39502187 0.01969844 0.01191875
1 0.71741250 0.40378516 0.00670000 0.00444531
1 0.72877656 0.42288672 0.02005313 0.02389844
1 0.61910703 0.39515469 0.16321406 0.04655938
1 0.71334297 0.46606875 0.04543594 0.03838750
1 0.55323203 0.41905625 0.07208906 0.01311250
1 0.65108516 0.43806250 0.04279531 0.00737500
1 0.68062109 0.44722734 0.01436719 0.00695469
1 0.51423750 0.46372500 0.00660000 0.02432500
1 0.48857188 0.46030469 0.01776875 0.12998437
1 0.46360703 0.38284062 0.16471406 0.00943125
1 0.34929453 0.37659063 0.14858906 0.00943125
1 0.35435312 0.40887187 0.15558125 0.01461875
