0 0.53789062 0.26484375 0.02578125 0.01406250
0 0.55390625 0.24062500 0.02968750 0.01250000
0 0.58476562 0.24414062 0.02890625 0.01328125
0 0.66132813 0.20468750 0.02578125 0.01562500
0 0.60156250 0.18437500 0.02187500 0.01562500
0 0.51484375 0.18203125 0.02656250 0.02343750
0 0.46757813 0.24960937 0.02265625 0.01484375
0 0.41796875 0.27890625 0.02031250 0.01406250
0 0.49101563 0.33085938 0.04765625 0.03046875
0 0.55820313 0.32656250 0.02265625 0.01562500
0 0.59101563 0.26132813 0.01328125 0.01015625
0 0.64726562 0.24921875 0.03203125 0.02656250
0 0.51835937 0.40507813 0.03359375 0.01953125
0 0.36875000 0.19765625 0.03750000 0.01718750
0 0.36015625 0.16250000 0.03281250 0.03437500
0 0.41914062 0.21171875 0.02265625 0.01406250
0 0.36992188 0.26015625 0.05234375 0.02656250
0 0.36328125 0.23789062 0.01718750 0.01015625
0 0.23671875 0.27656250 0.04531250 0.01562500
0 0.27890625 0.30781250 0.03593750 0.04062500
0 0.25664063 0.32304688 0.01640625 0.01796875
0 0.29726562 0.21835937 0.01640625 0.02109375
0 0.29609375 0.24453125 0.02968750 0.01406250
0 0.25976562 0.22500000 0.01328125 0.01562500
0 0.32812500 0.25234375 0.02500000 0.03281250
0 0.32031250 0.21289062 0.02812500 0.02578125
0 0.45859375 0.28007813 0.01718750 0.01328125
0 0.44218750 0.24882813 0.01250000 0.01328125
0 0.47851562 0.30546875 0.01640625 0.01093750
0 0.63203125 0.17773438 0.01406250 0.01171875
0 0.55429688 0.16367187 0.01484375 0.01171875
0 0.72851562 0.56914062 0.02265625 0.01953125
