0 0.35351562 0.15781250 0.02578125 0.01562500
0 0.33281250 0.18046875 0.01875000 0.00781250
0 0.31953125 0.23515625 0.02343750 0.01406250
0 0.48007813 0.22851562 0.02265625 0.01015625
0 0.50898438 0.23828125 0.03671875 0.01093750
0 0.49843750 0.14804687 0.01250000 0.01171875
0 0.51484375 0.17773438 0.01406250 0.00859375
0 0.53203125 0.17734375 0.01406250 0.00781250
0 0.56289062 0.20312500 0.01640625 0.00937500
0 0.61289063 0.24023438 0.01953125 0.01484375
0 0.56953125 0.26250000 0.02031250 0.01250000
0 0.57109375 0.24335937 0.01718750 0.01171875
0 0.40859375 0.26953125 0.01718750 0.01406250
0 0.40312500 0.25585938 0.02187500 0.01171875
0 0.36445312 0.24335937 0.03203125 0.01796875
0 0.25312500 0.32617188 0.02187500 0.03359375
0 0.20468750 0.32382813 0.01875000 0.01640625
0 0.67148438 0.24726562 0.01796875 0.01640625
0 0.61953125 0.31054688 0.00781250 0.01171875
0 0.64531250 0.18710937 0.01562500 0.02109375
0 0.35898438 0.17148437 0.01796875 0.01171875
0 0.54296875 0.23164062 0.01406250 0.01015625
0 0.23945312 0.58046875 0.01953125 0.01406250
0 0.29179688 0.38828125 0.01171875 0.01093750
0 0.33945313 0.62968750 0.01328125 0.00937500
