0 0.44726562 0.50195312 0.02578125 0.02578125
0 0.50546875 0.51445312 0.06406250 0.01640625
0 0.57304687 0.72109375 0.01484375 0.01406250
0 0.65195313 0.56210938 0.01640625 0.01484375
0 0.67812500 0.54492188 0.01562500 0.01171875
0 0.67578125 0.56132812 0.00781250 0.01015625
0 0.64453125 0.59726563 0.01093750 0.01015625
0 0.72382813 0.52500000 0.01328125 0.01562500
0 0.73828125 0.57070312 0.01718750 0.01640625
0 0.67539063 0.37031250 0.01953125 0.02500000
0 0.52460938 0.28750000 0.01484375 0.01250000
0 0.42421875 0.21328125 0.01406250 0.01093750
0 0.45585938 0.20625000 0.01796875 0.01562500
0 0.39804688 0.19726562 0.01171875 0.01015625
0 0.36523438 0.21015625 0.01796875 0.01406250
0 0.26171875 0.28710938 0.01093750 0.01171875
0 0.28984375 0.23203125 0.01093750 0.01093750
0 0.30000000 0.21796875 0.01250000 0.01093750
0 0.35195312 0.26171875 0.01640625 0.01406250
0 0.34140625 0.25625000 0.01718750 0.00937500
0 0.32773438 0.26601562 0.02421875 0.01328125
0 0.31640625 0.28437500 0.01406250 0.01562500
0 0.30078125 0.32656250 0.02343750 0.01562500
0 0.28203125 0.34726563 0.01406250 0.01328125
0 0.35820313 0.34960938 0.01953125 0.01171875
0 0.36523438 0.27382812 0.02109375 0.01328125
0 0.32812500 0.29804687 0.02500000 0.00859375
0 0.33632812 0.28125000 0.01953125 0.00937500
0 0.43398437 0.24531250 0.04609375 0.01250000
3 0.38593750 0.26992187 0.13750000 0.03671875
0 0.23281250 0.27304688 0.01875000 0.02734375
0 0.28281250 0.26484375 0.02500000 0.02656250
0 0.53046875 0.24726562 0.01718750 0.01015625
0 0.55898437 0.25859375 0.01796875 0.01093750
