0 0.45507812 0.71250000 0.05390625 0.03750000
0 0.70312500 0.59882813 0.03125000 0.03828125
0 0.79140625 0.58984375 0.03281250 0.02656250
0 0.80429688 0.61445313 0.01796875 0.02890625
0 0.82265625 0.40234375 0.02031250 0.02656250
0 0.40976563 0.29609375 0.04765625 0.02343750
0 0.34414062 0.58125000 0.02890625 0.03125000
0 0.41914062 0.61093750 0.02890625 0.02500000
0 0.72031250 0.44648437 0.02812500 0.02109375
0 0.61328125 0.18007813 0.01406250 0.01640625
0 0.64726562 0.13320313 0.02890625 0.01953125
0 0.61640625 0.09414063 0.03281250 0.02578125
0 0.47070312 0.60117188 0.02890625 0.02109375
0 0.60390625 0.53984375 0.02656250 0.02031250
0 0.39335938 0.69765625 0.01171875 0.01718750
0 0.45195313 0.79140625 0.03203125 0.02343750
0 0.73203125 0.69335938 0.02968750 0.03046875
