1 0.54548125 0.17411562 0.12533750 0.00760625
1 0.64056328 0.17609844 0.04362656 0.00844688
1 0.68713750 0.18781406 0.05240000 0.01625313
1 0.86155781 0.19236719 0.08249062 0.02223437
1 0.63844922 0.13410469 0.23314844 0.03070937
1 0.71977422 0.23719609 0.04579844 0.12439219
1 0.58293281 0.07871016 0.02836562 0.00117031
1 0.53297031 0.08349062 0.06906562 0.00760625
1 0.66388672 0.08560156 0.09339844 0.00870313
1 0.73175781 0.09353516 0.04164062 0.00894531
1 0.79336016 0.10240391 0.07109531 0.00793281
