0 0.36992188 0.43671875 0.02109375 0.02031250
0 0.25976562 0.57812500 0.00703125 0.01250000
0 0.37070313 0.56367188 0.01015625 0.01171875
0 0.55859375 0.73828125 0.01406250 0.01718750
0 0.48593750 0.78242188 0.01875000 0.02109375
0 0.62187500 0.84648437 0.01250000 0.01171875
0 0.64531250 0.82539063 0.01250000 0.01328125
0 0.71835938 0.89218750 0.01796875 0.01562500
0 0.76054687 0.91289062 0.01796875 0.01015625
0 0.65976563 0.84531250 0.01640625 0.01250000
0 0.64296875 0.86132812 0.01406250 0.01015625
0 0.34453125 0.80507812 0.01718750 0.02578125
0 0.48710938 0.87070313 0.04296875 0.02890625
0 0.32695313 0.66562500 0.01640625 0.01562500
0 0.34921875 0.69101563 0.01718750 0.01015625
0 0.28632812 0.60664063 0.01640625 0.00703125
0 0.33007812 0.53203125 0.01328125 0.02031250
0 0.59804687 0.67695313 0.02421875 0.01640625
0 0.70390625 0.87070313 0.01093750 0.01328125
