0 0.30820313 0.31601563 0.02578125 0.01953125
0 0.38867188 0.36718750 0.03046875 0.01875000
0 0.40195313 0.29531250 0.01953125 0.02500000
0 0.36562500 0.28046875 0.01875000 0.02031250
0 0.35742188 0.32070312 0.01484375 0.03203125
0 0.90976563 0.11171875 0.01953125 0.03593750
0 0.90039062 0.19335938 0.02890625 0.03046875
0 0.88320312 0.22968750 0.03515625 0.02812500
0 0.78828125 0.02812500 0.02656250 0.02500000
0 0.47578125 0.19960938 0.02968750 0.03984375
0 0.45585938 0.13164063 0.03984375 0.02265625
0 0.81484375 0.32109375 0.02031250 0.01406250
0 0.73671875 0.69726562 0.01718750 0.02265625
0 0.40625000 0.43710938 0.01875000 0.01796875
0 0.40273437 0.23632812 0.01484375 0.01953125
0 0.76640625 0.35156250 0.01406250 0.01562500
