1 0.59527578 0.15664063 0.17492656 0.11328125
1 0.34763594 0.26046172 0.04839687 0.08342344
1 0.42820234 0.22425234 0.12827969 0.03600469
1 0.34374063 0.23370547 0.04373125 0.07991094
1 0.54486641 0.12830938 0.34285781 0.13786875
1 0.34875625 0.21171562 0.06938750 0.12030625
1 0.43736797 0.12737734 0.13411094 0.03600469
1 0.58993750 0.06162500 0.20175000 0.10450000
1 0.37233516 0.08938672 0.09154531 0.04127344
1 0.38417422 0.16024375 0.16209844 0.13611250
1 0.50382188 0.04371328 0.15451875 0.08430156
1 0.68500781 0.10617422 0.06064063 0.06234844
1 0.72928203 0.21087656 0.04606406 0.14050313
1 0.75542578 0.30746406 0.05772656 0.01492813
1 0.34661953 0.51111953 0.02448906 0.03161406
1 0.39032422 0.52937891 0.04314844 0.03688281
1 0.36622344 0.61213750 0.02619687 0.11177500
1 0.75205469 0.65784297 0.03848437 0.15631094
1 0.44682969 0.74350781 0.01865938 0.10889062
1 0.37139844 0.53196328 0.04904687 0.08892656
1 0.76930078 0.34746250 0.06047656 0.04805000
1 0.79363125 0.39405469 0.07476250 0.06310937
1 0.80087188 0.45886484 0.06736875 0.07397969
1 0.82057031 0.59160469 0.01614063 0.13633438
1 0.81100312 0.65771250 0.01263125 0.13105000
1 0.80076719 0.69458906 0.01403437 0.18917813
