0 0.51640625 0.52773437 0.02031250 0.01796875
0 0.63320312 0.49062500 0.02265625 0.01875000
0 0.42343750 0.67656250 0.02500000 0.01562500
0 0.49218750 0.69492188 0.02812500 0.01484375
0 0.37812500 0.46093750 0.01875000 0.01250000
0 0.28125000 0.53671875 0.01562500 0.00781250
0 0.26445313 0.55195313 0.02578125 0.01328125
0 0.39726563 0.24335937 0.02890625 0.01796875
3 0.49843750 0.50390625 0.11875000 0.12343750
3 0.44140625 0.67890625 0.11718750 0.05468750
3 0.32734375 0.37460938 0.02968750 0.05859375
