0 0.56289062 0.42578125 0.03203125 0.02656250
0 0.50546875 0.44179687 0.04531250 0.03984375
0 0.94179687 0.26445313 0.02734375 0.01953125
0 0.50117188 0.14609375 0.02734375 0.02031250
0 0.62656250 0.05156250 0.02187500 0.01562500
0 0.68867188 0.10625000 0.02109375 0.02500000
0 0.59804687 0.13789062 0.03984375 0.01640625
0 0.56875000 0.17773438 0.02187500 0.02109375
3 0.66328125 0.51210937 0.20781250 0.19921875
3 0.86054688 0.41406250 0.12109375 0.05312500
3 0.40273437 0.43515625 0.06796875 0.10156250
