1 0.34887969 0.24355156 0.52275937 0.06835313
1 0.59327578 0.23597813 0.13655156 0.04383125
1 0.36607031 0.28059531 0.53839063 0.08306563
1 0.24761875 0.32030078 0.03586250 0.08122656
1 0.31815391 0.32550781 0.00505781 0.07601563
1 0.56609297 0.32801797 0.13531094 0.04353594
1 0.20438594 0.27903906 0.11502188 0.01745312
1 0.37376094 0.31762734 0.00689687 0.03212969
1 0.60364531 0.20369062 0.06979062 0.01363125
1 0.65693437 0.21872891 0.02324375 0.01245781
1 0.56839766 0.33756172 0.03367031 0.02199844
1 0.52067578 0.31912266 0.01010156 0.01012031
1 0.52336875 0.33274297 0.01548750 0.01861094
