1 0.47959766 0.23191797 0.21232031 0.03571094
1 0.48568750 0.26440469 0.16200000 0.03193437
1 0.36709063 0.26970547 0.14043125 0.02066094
1 0.61966016 0.21948281 0.08307031 0.01709062
1 0.62777969 0.23785469 0.11805937 0.01945938
1 0.60103125 0.28042812 0.08331250 0.03273125
1 0.32272422 0.29513984 0.06732344 0.02152969
1 0.50058516 0.29837266 0.01992031 0.03424531
1 0.47752344 0.32077578 0.00504688 0.03842656
1 0.53854766 0.31604531 0.01459531 0.03521563
1 0.51736250 0.25421641 0.00660000 0.03343281
1 0.68138750 0.25438672 0.07215000 0.01189844
1 0.34959141 0.30937422 0.11793281 0.02187344
