1 0.52656250 0.29023437 0.32187500 0.03046875
1 0.34960938 0.21757813 0.23046875 0.02890625
1 0.25664063 0.28632812 0.15390625 0.03515625
0 0.71875000 0.58359375 0.15625000 0.07343750
0 0.51953125 0.35429688 0.03906250 0.03359375
0 0.41015625 0.37070313 0.05468750 0.02578125
0 0.63828125 0.22460938 0.02968750 0.02421875
0 0.49218750 0.24101563 0.03437500 0.02265625
0 0.52734375 0.14570312 0.02656250 0.02265625
0 0.43867187 0.11679687 0.04296875 0.01796875
0 0.37812500 0.14804687 0.02187500 0.02421875
0 0.11757813 0.58359375 0.06640625 0.06093750
0 0.22343750 0.67460937 0.03437500 0.02109375
0 0.21640625 0.57773438 0.03906250 0.02734375
0 0.63554687 0.69609375 0.01796875 0.03906250
0 0.80000000 0.43984375 0.02187500 0.02968750
