0 0.39218750 0.54609375 0.02187500 0.01406250
0 0.41015625 0.56015625 0.02031250 0.01406250
0 0.38984375 0.56875000 0.02343750 0.01250000
0 0.41523437 0.60234375 0.03359375 0.01718750
0 0.36757812 0.60859375 0.02265625 0.01718750
0 0.35703125 0.63554687 0.02343750 0.03359375
0 0.32539062 0.63398438 0.01953125 0.02109375
0 0.32187500 0.59687500 0.03437500 0.03125000
0 0.28867188 0.60625000 0.02109375 0.01250000
0 0.21835937 0.63164062 0.02109375 0.01328125
0 0.23750000 0.62460938 0.01562500 0.01171875
0 0.26015625 0.69882813 0.02656250 0.01328125
0 0.27539062 0.63320312 0.02265625 0.01328125
0 0.26445313 0.67148438 0.02578125 0.01171875
0 0.33476563 0.67148438 0.03828125 0.03359375
0 0.40976563 0.65117187 0.02265625 0.01796875
0 0.37304688 0.65351563 0.02734375 0.03203125
0 0.39921875 0.62968750 0.02343750 0.01250000
0 0.28828125 0.66523438 0.02031250 0.01796875
0 0.30937500 0.56406250 0.03125000 0.02500000
0 0.18828125 0.68046875 0.02031250 0.01718750
0 0.22148438 0.67304688 0.01796875 0.01484375
0 0.23867188 0.87890625 0.01484375 0.03593750
0 0.19882812 0.45898438 0.01328125 0.01171875
0 0.39335938 0.68359375 0.02109375 0.01093750
0 0.28320312 0.65312500 0.01328125 0.01250000
0 0.29843750 0.62773437 0.02500000 0.01484375
