1 0.41284844 0.37545156 0.17882188 0.01965313
1 0.65960313 0.38601484 0.07545625 0.00952969
1 0.58046719 0.38738438 0.06718437 0.00914375
1 0.52167969 0.39523906 0.04023438 0.00297813
1 0.65411094 0.35275703 0.13322187 0.01488906
1 0.52974922 0.34122031 0.08762344 0.00119063
1 0.38781328 0.34047813 0.12875156 0.00595625
1 0.62515391 0.37180469 0.21905781 0.01548437
1 0.63016563 0.39709922 0.04470625 0.00357344
1 0.42064297 0.39465312 0.05378594 0.02055625
1 0.71036484 0.38831797 0.03322969 0.02038594
1 0.73543047 0.40998203 0.01773594 0.02308906
