0 0.45507812 0.32578125 0.01953125 0.01093750
0 0.47421875 0.34257813 0.01406250 0.01328125
0 0.46367188 0.37929687 0.01171875 0.01171875
0 0.50390625 0.43125000 0.02031250 0.01562500
0 0.51953125 0.37265625 0.01093750 0.01093750
0 0.65351563 0.62382812 0.01953125 0.02265625
0 0.29296875 0.60390625 0.01718750 0.01406250
0 0.49687500 0.74375000 0.02812500 0.02187500
0 0.65507812 0.67031250 0.01953125 0.01562500
0 0.64648438 0.68984375 0.02109375 0.01406250
0 0.66601562 0.64257812 0.01953125 0.01640625
