1 0.59965313 0.15112109 0.29618125 0.05224219
1 0.47952422 0.22377578 0.03404844 0.06317656
1 0.55390938 0.21032422 0.01094375 0.04252344
1 0.48628281 0.16458203 0.09131563 0.00728906
1 0.64058281 0.16884062 0.04054063 0.00643125
1 0.65712578 0.24481719 0.02675156 0.02713437
1 0.32377891 0.12903281 0.05380781 0.02369063
1 0.28865547 0.14457344 0.01793594 0.00789688
1 0.47748359 0.09467500 0.14871719 0.00810000
1 0.60305547 0.10295000 0.09673594 0.01215000
1 0.40156875 0.24047656 0.02188750 0.02470313
