1 0.46903828 0.06707344 0.05682656 0.00602187
1 0.38627031 0.06813359 0.11004062 0.00501719
1 0.28658438 0.07452813 0.02941875 0.00218125
1 0.45013984 0.22318984 0.00652969 0.04637969
1 0.46722891 0.28337812 0.02195781 0.04175625
1 0.40892500 0.22592891 0.01472500 0.10185781
1 0.39251797 0.28816016 0.01941094 0.02007031
1 0.48089844 0.13383828 0.07429688 0.01455156
1 0.56069062 0.17741641 0.10575625 0.02358281
1 0.47543672 0.02419453 0.07274844 0.00776406
1 0.41429219 0.02926016 0.04733437 0.00227031
1 0.32598906 0.02981797 0.12697813 0.02213594
1 0.24971484 0.05288906 0.02755469 0.02452813
1 0.26633828 0.12080156 0.05455156 0.02910313
1 0.38549766 0.11030000 0.04599531 0.01122500
1 0.44283828 0.11542734 0.02630156 0.00585469
1 0.20579609 0.36424297 0.03346719 0.03161094
1 0.20932266 0.40372812 0.03427031 0.02308125
1 0.18508594 0.41126797 0.01392187 0.01003594
