1 0.47295859 0.03697500 0.21466719 0.02707500
1 0.53511797 0.20615469 0.00773594 0.13730937
1 0.37184297 0.05903906 0.13118594 0.00870313
1 0.61071250 0.08569766 0.13080000 0.01514531
1 0.44759297 0.09339844 0.17018594 0.02117187
1 0.56732734 0.11072891 0.11277969 0.00895781
1 0.42034844 0.14091797 0.17507187 0.08183594
1 0.43763438 0.15959687 0.12214375 0.08794375
1 0.63212734 0.15140938 0.12987969 0.03094375
1 0.57390547 0.24996797 0.01343594 0.05618594
1 0.57442891 0.13972344 0.04885781 0.03257188
1 0.64756563 0.45204141 0.03575625 0.02595781
1 0.69686875 0.48281563 0.06248750 0.03438125
1 0.76191328 0.49829922 0.03945156 0.02784844
1 0.77326328 0.47192578 0.04340156 0.00635156
1 0.80562891 0.47803438 0.02375781 0.00606875
1 0.82510937 0.48504297 0.01271875 0.01071094
1 0.83895156 0.49876719 0.01540312 0.01628438
1 0.85570469 0.52717031 0.01765938 0.03871563
1 0.80263047 0.56384766 0.02088594 0.04332031
1 0.31259922 0.45506719 0.06269844 0.02888437
1 0.22993516 0.50575000 0.10362031 0.07400000
1 0.26050469 0.51613750 0.00850937 0.05415000
1 0.29313281 0.20894531 0.04564063 0.08664062
