1 0.49398359 0.20905078 0.09421719 0.02122656
1 0.48177656 0.18036875 0.06042812 0.01386250
1 0.48433750 0.14611719 0.07180000 0.02035938
1 0.56700313 0.16289844 0.05900625 0.01017188
1 0.47121953 0.16267891 0.01118906 0.00348281
1 0.45887422 0.16614219 0.01149844 0.00415938
1 0.45049609 0.17100234 0.00724219 0.00450469
1 0.60515547 0.18168984 0.04156094 0.01025469
1 0.56390937 0.18796172 0.03094375 0.00404844
1 0.59394141 0.15065469 0.03788281 0.00443437
1 0.64436250 0.20794688 0.07310000 0.01589375
1 0.67556406 0.17952266 0.06050312 0.01529531
1 0.63371719 0.19311953 0.02368438 0.02061406
