0 0.61210937 0.17539062 0.01796875 0.01015625
0 0.67226562 0.22695313 0.01953125 0.01953125
0 0.70507812 0.19765625 0.01953125 0.01406250
0 0.74140625 0.26289062 0.02968750 0.01953125
0 0.73320312 0.24882813 0.01953125 0.01015625
0 0.71289062 0.26445313 0.01328125 0.01015625
0 0.66796875 0.24882813 0.02656250 0.01015625
0 0.60937500 0.19101562 0.02187500 0.00703125
0 0.63007813 0.19726562 0.01640625 0.01328125
0 0.55195313 0.19609375 0.01640625 0.01093750
0 0.55703125 0.42656250 0.01406250 0.00937500
0 0.45039062 0.31523438 0.02578125 0.01796875
0 0.48164062 0.21601562 0.01953125 0.01328125
0 0.48554687 0.14726563 0.01484375 0.01015625
0 0.41132812 0.26523438 0.01640625 0.01171875
0 0.63828125 0.16367187 0.01406250 0.01484375
0 0.64414063 0.23007812 0.01015625 0.01015625
0 0.64726562 0.24687500 0.01953125 0.01250000
0 0.70390625 0.23632812 0.02656250 0.01953125
0 0.59882813 0.21757813 0.01640625 0.01328125
0 0.56054688 0.33945313 0.02109375 0.01953125
0 0.52812500 0.36406250 0.01562500 0.01562500
0 0.52031250 0.20976563 0.02187500 0.02265625
0 0.28242187 0.55351562 0.01796875 0.01640625
