0 0.68203125 0.46679688 0.01718750 0.01171875
0 0.56835938 0.28671875 0.07734375 0.03906250
0 0.69375000 0.33710937 0.04062500 0.02109375
0 0.76367188 0.31875000 0.01796875 0.02812500
0 0.74609375 0.34335938 0.02343750 0.01484375
0 0.45156250 0.30429688 0.05000000 0.02734375
0 0.60703125 0.25039062 0.02968750 0.01015625
0 0.62812500 0.32812500 0.02187500 0.01250000
0 0.31523438 0.44179687 0.02421875 0.01796875
0 0.26757812 0.46953125 0.03828125 0.02656250
0 0.29804687 0.41875000 0.01484375 0.00937500
0 0.28125000 0.40468750 0.01875000 0.01250000
0 0.28710938 0.37382813 0.01171875 0.00703125
0 0.38632813 0.55781250 0.01953125 0.02187500
0 0.45937500 0.64375000 0.02500000 0.01250000
0 0.41718750 0.65273437 0.01875000 0.01171875
0 0.44843750 0.74609375 0.01875000 0.01406250
0 0.41757813 0.77265625 0.05390625 0.02968750
0 0.37929687 0.80117187 0.02734375 0.01484375
0 0.37421875 0.78515625 0.02031250 0.00781250
0 0.31015625 0.64335937 0.03281250 0.02421875
0 0.34609375 0.67539063 0.01718750 0.05390625
0 0.29023437 0.67851562 0.03984375 0.02890625
0 0.34062500 0.72382813 0.05312500 0.04140625
0 0.52656250 0.85781250 0.01250000 0.01250000
0 0.56562500 0.91406250 0.02812500 0.01250000
0 0.30195312 0.55312500 0.01953125 0.01875000
0 0.27851562 0.57031250 0.01328125 0.00937500
0 0.39414063 0.73828125 0.02265625 0.02031250
0 0.26562500 0.64804688 0.03125000 0.02109375
0 0.38593750 0.43203125 0.03125000 0.02343750
0 0.43750000 0.42031250 0.02500000 0.02187500
0 0.44570312 0.40351562 0.01015625 0.01328125
0 0.30507812 0.29882812 0.01953125 0.01328125
0 0.49414062 0.24570312 0.01328125 0.00703125
0 0.39648438 0.32031250 0.02421875 0.01875000
0 0.68710938 0.28515625 0.02109375 0.01093750
0 0.66093750 0.28593750 0.01562500 0.01250000
0 0.72812500 0.26093750 0.01875000 0.01250000
0 0.73398438 0.29335937 0.01171875 0.01171875
0 0.74960938 0.30234375 0.00546875 0.00781250
0 0.70585937 0.31875000 0.02734375 0.01250000
0 0.67539063 0.30234375 0.01953125 0.00781250
0 0.60468750 0.87539062 0.03125000 0.02890625
0 0.51718750 0.91328125 0.04062500 0.01718750
0 0.29804687 0.74687500 0.03046875 0.01875000
0 0.63320312 0.90312500 0.01328125 0.00937500
3 0.50429687 0.70664063 0.06171875 0.05078125
3 0.46640625 0.66445312 0.06093750 0.02265625
3 0.44257812 0.61523438 0.06015625 0.03671875
3 0.71406250 0.53554687 0.03437500 0.02421875
3 0.74062500 0.57187500 0.04375000 0.03125000
3 0.56093750 0.77890625 0.02500000 0.02343750
3 0.52890625 0.65546875 0.05156250 0.02968750
3 0.45468750 0.72109375 0.04687500 0.03593750
3 0.38671875 0.62656250 0.03281250 0.04687500
0 0.39804688 0.28320312 0.02421875 0.02578125
0 0.56484375 0.24648438 0.02968750 0.02109375
0 0.50703125 0.30273438 0.02031250 0.03046875
0 0.23789062 0.55117187 0.01640625 0.02734375
