1 0.24218750 0.71640625 0.05937500 0.03281250
1 0.16093750 0.74570313 0.06250000 0.02265625
0 0.40390625 0.41289063 0.03281250 0.01640625
0 0.29101562 0.29414062 0.02265625 0.01328125
0 0.25781250 0.30546875 0.01875000 0.01093750
0 0.51445312 0.60585937 0.02890625 0.01796875
0 0.49335937 0.64726562 0.02109375 0.03203125
0 0.41992188 0.69492188 0.02109375 0.01171875
0 0.45273438 0.54257813 0.01484375 0.01015625
0 0.43671875 0.57070312 0.03906250 0.01953125
0 0.41601562 0.44804688 0.02890625 0.03671875
0 0.44179687 0.41875000 0.02109375 0.01250000
0 0.45820312 0.44257812 0.01953125 0.01953125
0 0.33632812 0.40703125 0.01328125 0.01406250
0 0.36992188 0.42109375 0.01484375 0.00781250
0 0.35742188 0.49375000 0.01796875 0.00937500
0 0.40625000 0.49296875 0.03437500 0.01406250
0 0.32421875 0.51835937 0.02656250 0.01171875
0 0.36367187 0.51484375 0.01171875 0.01718750
0 0.27929688 0.56875000 0.01484375 0.00937500
0 0.33320312 0.54375000 0.02265625 0.01875000
0 0.42109375 0.52812500 0.02031250 0.01875000
0 0.38750000 0.54218750 0.03437500 0.01875000
0 0.40898438 0.62382812 0.01796875 0.01328125
0 0.52578125 0.57382813 0.02656250 0.01328125
0 0.49179688 0.48476562 0.01484375 0.01328125
0 0.43867187 0.55117187 0.01484375 0.01171875
0 0.30859375 0.62265625 0.02968750 0.01406250
0 0.46523437 0.61640625 0.02109375 0.01093750
0 0.36679688 0.56484375 0.01484375 0.01093750
0 0.32539062 0.67304688 0.02890625 0.01796875
0 0.30546875 0.70507812 0.02343750 0.01640625
0 0.29648438 0.72539062 0.02421875 0.01328125
0 0.53789062 0.55390625 0.01953125 0.01093750
0 0.45390625 0.50078125 0.02968750 0.01406250
