1 0.33523203 0.04593594 0.03921406 0.01374688
1 0.39543281 0.06340313 0.07836562 0.02055625
1 0.46495156 0.07542734 0.06115312 0.00397969
1 0.31642187 0.00900625 0.08909375 0.00238750
1 0.44063125 0.02398281 0.15938750 0.03859063
1 0.55625547 0.05188594 0.05313594 0.01314688
1 0.51512578 0.09904219 0.08337656 0.00433438
1 0.57525078 0.37273750 0.06612656 0.02672500
1 0.22733359 0.32298828 0.04216719 0.03972656
1 0.58900078 0.35850859 0.06237656 0.04826719
1 0.61941719 0.29447266 0.03258437 0.00144531
