0 0.43593750 0.22734375 0.05000000 0.01718750
0 0.37265625 0.29492188 0.02031250 0.01171875
0 0.29609375 0.21367188 0.01406250 0.01171875
0 0.36250000 0.23046875 0.01875000 0.00781250
0 0.46914062 0.26328125 0.02265625 0.00781250
0 0.55585938 0.25195312 0.02734375 0.01328125
0 0.50351563 0.68632812 0.01953125 0.01015625
0 0.41328125 0.19687500 0.01718750 0.01250000
0 0.54257813 0.20078125 0.02578125 0.01406250
0 0.48515625 0.22734375 0.02031250 0.01718750
0 0.48945312 0.31992188 0.02265625 0.01171875
0 0.63984375 0.29257813 0.03281250 0.01328125
0 0.25859375 0.44921875 0.01718750 0.01093750
0 0.39375000 0.18046875 0.01875000 0.01406250
0 0.29687500 0.25273438 0.01250000 0.01171875
0 0.25312500 0.26835938 0.01875000 0.02109375
0 0.41328125 0.37539062 0.01718750 0.00703125
0 0.56601563 0.27148438 0.01640625 0.01171875
0 0.33515625 0.24140625 0.02656250 0.02343750
0 0.47500000 0.69492188 0.01875000 0.01171875
3 0.59687500 0.49023438 0.08125000 0.02734375
3 0.31289062 0.47382812 0.04453125 0.01953125
3 0.23554687 0.52109375 0.03671875 0.03906250
3 0.61914062 0.51875000 0.04765625 0.02187500
3 0.25273438 0.56250000 0.03359375 0.02187500
3 0.67148438 0.47148438 0.02421875 0.01484375
3 0.27812500 0.52695313 0.03437500 0.03515625
0 0.48085937 0.20468750 0.04609375 0.01562500
0 0.34921875 0.21992187 0.01718750 0.00859375
0 0.48789063 0.28437500 0.04140625 0.01875000
0 0.58710938 0.22890625 0.03359375 0.02968750
0 0.59179688 0.26796875 0.03046875 0.05468750
0 0.41054687 0.25273438 0.03671875 0.02109375
0 0.32265625 0.27382812 0.02656250 0.01328125
0 0.51875000 0.22343750 0.02500000 0.01250000
0 0.22343750 0.26562500 0.01875000 0.04062500
0 0.18789063 0.43007812 0.01015625 0.01015625
