0 0.56093750 0.31562500 0.01562500 0.01875000
0 0.44531250 0.31523438 0.02500000 0.01796875
0 0.51953125 0.26875000 0.02343750 0.01250000
0 0.54453125 0.25390625 0.02343750 0.01406250
0 0.58007812 0.23085938 0.01328125 0.01171875
0 0.53359375 0.35000000 0.02343750 0.01562500
0 0.56953125 0.35976562 0.01718750 0.01328125
0 0.43906250 0.27304688 0.01875000 0.00859375
0 0.50156250 0.28437500 0.01250000 0.00937500
0 0.42578125 0.32578125 0.01406250 0.00781250
0 0.36406250 0.53203125 0.01562500 0.01406250
0 0.32109375 0.51757812 0.01406250 0.00703125
0 0.36992188 0.49687500 0.01171875 0.00937500
0 0.70507812 0.61757812 0.01015625 0.00703125
0 0.69843750 0.63632813 0.01250000 0.01015625
0 0.67695313 0.65156250 0.01015625 0.00937500
0 0.65546875 0.68554688 0.00781250 0.00859375
3 0.40312500 0.53476563 0.03750000 0.03828125
0 0.61484375 0.31015625 0.02968750 0.02656250
0 0.53398437 0.33437500 0.02109375 0.01250000
0 0.50937500 0.37187500 0.01562500 0.01875000
0 0.62929687 0.24257813 0.02109375 0.01328125
0 0.41250000 0.29140625 0.03125000 0.01718750
0 0.32539062 0.58437500 0.02578125 0.01250000
