1 0.46606484 0.23981719 0.14775469 0.01088438
1 0.36684297 0.27625000 0.19306094 0.04000000
1 0.48860313 0.26551016 0.32408125 0.03102031
1 0.46077187 0.28806953 0.35591875 0.03863906
1 0.43626875 0.30830391 0.08816250 0.02285781
1 0.27373672 0.47175391 0.00684844 0.00600781
1 0.29475391 0.43950547 0.00200781 0.00713594
1 0.29038906 0.44908906 0.00265313 0.00442813
1 0.28417734 0.45767656 0.00897969 0.00910313
1 0.28232578 0.49959219 0.00215156 0.01793438
1 0.67680703 0.45752500 0.02861406 0.02130000
1 0.71211641 0.48708438 0.03985781 0.03666875
1 0.34094766 0.54546875 0.01939531 0.08468750
1 0.66420859 0.56256953 0.04716719 0.14701406
