0 0.56679687 0.53593750 0.03359375 0.03125000
0 0.65625000 0.51953125 0.02500000 0.01406250
0 0.62304688 0.52773437 0.03046875 0.01796875
0 0.64921875 0.47109375 0.01718750 0.01406250
0 0.50078125 0.33671875 0.02656250 0.01406250
0 0.46406250 0.36093750 0.03750000 0.03437500
0 0.46875000 0.43671875 0.03125000 0.02031250
0 0.41289063 0.41445312 0.01953125 0.02578125
0 0.51523438 0.55585938 0.03359375 0.01484375
0 0.47968750 0.56484375 0.02187500 0.01406250
0 0.47539063 0.59179688 0.01953125 0.01171875
0 0.53515625 0.60546875 0.01718750 0.01093750
0 0.52304688 0.58828125 0.01796875 0.01093750
0 0.51562500 0.57148438 0.02500000 0.01171875
0 0.55546875 0.64609375 0.02656250 0.01406250
0 0.57109375 0.63085938 0.02031250 0.01171875
0 0.58125000 0.59765625 0.01562500 0.02656250
0 0.45156250 0.54453125 0.03125000 0.01093750
0 0.38281250 0.44804688 0.02812500 0.01484375
0 0.60312500 0.18359375 0.02187500 0.01718750
0 0.72187500 0.20546875 0.02500000 0.02031250
0 0.70507812 0.23437500 0.02578125 0.01875000
3 0.60507813 0.43398437 0.06640625 0.04609375
3 0.60312500 0.49531250 0.06875000 0.03437500
