0 0.76132813 0.50078125 0.02265625 0.01718750
3 0.58046875 0.47929688 0.05468750 0.04921875
0 0.46562500 0.45585938 0.01875000 0.01484375
0 0.50312500 0.46054688 0.01875000 0.01171875
0 0.48867187 0.47695312 0.01484375 0.01015625
0 0.57109375 0.28398438 0.02031250 0.01484375
0 0.47656250 0.27226563 0.01875000 0.01328125
0 0.63320312 0.25625000 0.02265625 0.01562500
0 0.59375000 0.25976562 0.03125000 0.01953125
0 0.46015625 0.34765625 0.02343750 0.01718750
0 0.45429687 0.32148437 0.02109375 0.01796875
0 0.49882813 0.31328125 0.01953125 0.01406250
0 0.53867188 0.29375000 0.02421875 0.01875000
