0 0.44296875 0.10585938 0.02656250 0.02109375
0 0.41796875 0.15664063 0.02968750 0.01640625
0 0.38164063 0.10195313 0.03203125 0.02265625
0 0.45351562 0.06171875 0.01953125 0.01093750
0 0.52812500 0.10195313 0.02500000 0.01953125
0 0.55156250 0.09179688 0.02187500 0.01796875
0 0.30625000 0.42773438 0.03125000 0.02109375
0 0.59453125 0.73320312 0.04531250 0.01953125
0 0.36718750 0.72421875 0.05625000 0.04843750
0 0.27656250 0.67500000 0.03750000 0.04687500
0 0.33359375 0.73789063 0.02343750 0.01953125
0 0.22421875 0.50117188 0.02968750 0.01796875
0 0.19843750 0.46601562 0.01562500 0.01328125
0 0.23632812 0.45664063 0.03203125 0.02265625
0 0.74531250 0.47382812 0.03437500 0.02578125
0 0.66953125 0.52382812 0.03281250 0.02265625
0 0.64414063 0.70507812 0.02578125 0.02265625
0 0.29804687 0.50273437 0.01796875 0.01484375
0 0.27851562 0.44492188 0.02578125 0.01796875
0 0.24179687 0.50898438 0.02109375 0.01796875
0 0.68750000 0.48164062 0.02187500 0.01953125
0 0.71757812 0.51679688 0.02578125 0.02734375
0 0.74726563 0.49960938 0.01640625 0.02421875
0 0.66835937 0.65234375 0.01796875 0.01718750
