0 0.39804688 0.65117187 0.06171875 0.02109375
0 0.46054688 0.65429688 0.02734375 0.01796875
0 0.51210937 0.63085938 0.03046875 0.02734375
0 0.52031250 0.60507813 0.02812500 0.02890625
0 0.59375000 0.55156250 0.02812500 0.02187500
0 0.58203125 0.51875000 0.02656250 0.02187500
0 0.64882812 0.50585938 0.03515625 0.02421875
0 0.62968750 0.36210938 0.02812500 0.02109375
0 0.60937500 0.25976562 0.02500000 0.02578125
0 0.59414062 0.38750000 0.03203125 0.01875000
0 0.53203125 0.44179687 0.02656250 0.01484375
0 0.43710938 0.47109375 0.02734375 0.02031250
0 0.44960937 0.43515625 0.02734375 0.02031250
0 0.49687500 0.51367188 0.03750000 0.02421875
0 0.54062500 0.48906250 0.01562500 0.01562500
0 0.56953125 0.45585938 0.04218750 0.03046875
0 0.49140625 0.46562500 0.02656250 0.02187500
0 0.58593750 0.41289063 0.03125000 0.02578125
0 0.51875000 0.41875000 0.03437500 0.02500000
0 0.64921875 0.40664062 0.03281250 0.01953125
0 0.66367188 0.45273438 0.03984375 0.02421875
0 0.61835938 0.44335938 0.05234375 0.02734375
0 0.60429687 0.47656250 0.06796875 0.03437500
0 0.55625000 0.57812500 0.03437500 0.01875000
0 0.35000000 0.69218750 0.03437500 0.01562500
0 0.47890625 0.62734375 0.02968750 0.01718750
0 0.55156250 0.60859375 0.01875000 0.02031250
0 0.65156250 0.38046875 0.03750000 0.01406250
0 0.46992187 0.40820312 0.03046875 0.01640625
