0 0.69375000 0.03281250 0.03125000 0.02187500
0 0.76210937 0.08750000 0.03984375 0.03125000
0 0.69218750 0.07421875 0.02500000 0.02031250
0 0.70039063 0.11093750 0.02578125 0.01875000
0 0.40742187 0.06093750 0.04609375 0.03437500
0 0.39140625 0.10781250 0.02968750 0.02187500
0 0.26796875 0.09414063 0.02968750 0.01953125
0 0.09921875 0.49882813 0.04218750 0.02578125
0 0.30195312 0.50000000 0.04140625 0.03125000
0 0.29453125 0.59492188 0.02656250 0.02109375
0 0.15820312 0.61484375 0.03203125 0.01718750
0 0.23203125 0.65078125 0.02656250 0.02031250
0 0.27773437 0.72617188 0.02734375 0.02109375
0 0.72070312 0.64453125 0.03515625 0.02968750
0 0.68867188 0.49218750 0.03359375 0.02812500
0 0.66835937 0.45039062 0.02109375 0.01640625
0 0.79804688 0.55703125 0.03359375 0.02031250
0 0.77929688 0.73828125 0.02734375 0.02031250
0 0.79726562 0.72031250 0.03515625 0.02500000
0 0.74062500 0.67734375 0.02812500 0.02968750
0 0.54804688 0.96953125 0.03671875 0.02343750
3 0.71796875 0.56367188 0.08593750 0.08671875
