3 0.53398437 0.57734375 0.16171875 0.17031250
0 0.89101562 0.09960938 0.03828125 0.02734375
0 0.76484375 0.03906250 0.02968750 0.02500000
0 0.89023438 0.06171875 0.03984375 0.02343750
0 0.69882813 0.01679687 0.02265625 0.01484375
0 0.72226563 0.01093750 0.02265625 0.02187500
0 0.33242187 0.21953125 0.02734375 0.01718750
0 0.35507813 0.16562500 0.03515625 0.01875000
0 0.82734375 0.55429688 0.03593750 0.01796875
0 0.31953125 0.71640625 0.02656250 0.01718750
0 0.17343750 0.68867188 0.03125000 0.02421875
0 0.59453125 0.93828125 0.05156250 0.04218750
0 0.53984375 0.86210937 0.04843750 0.03671875
0 0.47226563 0.92109375 0.02265625 0.02343750
0 0.69257813 0.98125000 0.04453125 0.02812500
0 0.73437500 0.96171875 0.04062500 0.02656250
