0 0.18398438 0.52968750 0.03046875 0.02187500
0 0.30898437 0.80195313 0.03671875 0.02890625
0 0.75625000 0.70859375 0.03437500 0.02968750
3 0.48046875 0.52187500 0.18593750 0.16562500
0 0.69570312 0.19960938 0.03515625 0.02734375
0 0.75351563 0.26562500 0.04140625 0.02187500
0 0.42343750 0.03632813 0.03437500 0.01953125
0 0.52382812 0.03203125 0.06328125 0.02656250
0 0.40351562 0.97226563 0.03203125 0.02890625
0 0.34257813 0.37460938 0.02578125 0.02109375
0 0.35976562 0.41015625 0.05390625 0.02656250
0 0.48398438 0.39257812 0.03046875 0.01640625
0 0.67500000 0.48125000 0.03437500 0.03125000
