3 0.48046875 0.39804688 0.14218750 0.09609375
3 0.55625000 0.48359375 0.07500000 0.04531250
0 0.78007812 0.22929688 0.03515625 0.02421875
0 0.79960937 0.26601562 0.03359375 0.02265625
0 0.78125000 0.26601562 0.02812500 0.02265625
0 0.51250000 0.54687500 0.04687500 0.02500000
0 0.46640625 0.48554687 0.05468750 0.03671875
0 0.36835937 0.50976562 0.02734375 0.01953125
0 0.49179688 0.57148438 0.03671875 0.02109375
0 0.41210938 0.61054688 0.03046875 0.01796875
0 0.34687500 0.53789062 0.03125000 0.01953125
