3 0.34765625 0.53320312 0.11406250 0.11328125
0 0.61445313 0.52500000 0.03515625 0.02812500
0 0.66757813 0.50312500 0.03828125 0.02187500
0 0.68515625 0.29101562 0.02656250 0.01953125
0 0.57890625 0.23437500 0.02343750 0.01562500
0 0.54062500 0.24882813 0.02812500 0.01953125
0 0.46718750 0.22382812 0.03750000 0.02890625
0 0.41289063 0.21445312 0.01953125 0.01640625
0 0.34687500 0.20312500 0.01875000 0.01562500
0 0.31250000 0.62578125 0.02187500 0.01718750
0 0.51562500 0.46015625 0.02187500 0.01718750
0 0.54414063 0.42851563 0.01953125 0.01328125
