0 0.63554687 0.57070312 0.03984375 0.02578125
0 0.58359375 0.61289063 0.04218750 0.02265625
0 0.67734375 0.68398437 0.11718750 0.05546875
0 0.48789063 0.70781250 0.33515625 0.19062500
0 0.46445313 0.49101563 0.06328125 0.04453125
0 0.39335938 0.44843750 0.05234375 0.03125000
0 0.79453125 0.06679688 0.04843750 0.03984375
0 0.63007813 0.05859375 0.04140625 0.02656250
0 0.61132812 0.44609375 0.06328125 0.03593750
0 0.33671875 0.53671875 0.04843750 0.02343750
0 0.40703125 0.58476562 0.08281250 0.04765625
3 0.51875000 0.39570312 0.10937500 0.11328125
