0 0.64335937 0.57031250 0.02109375 0.02187500
0 0.66523438 0.59101563 0.02109375 0.03515625
0 0.57578125 0.71640625 0.05468750 0.02968750
0 0.56601563 0.65390625 0.04453125 0.02031250
0 0.51054687 0.61914062 0.03046875 0.02265625
0 0.50156250 0.66132813 0.03437500 0.02578125
0 0.52929688 0.64687500 0.04296875 0.04062500
0 0.47460938 0.68632812 0.03046875 0.02265625
0 0.45546875 0.63945312 0.04531250 0.02578125
0 0.43945312 0.74882812 0.03515625 0.02578125
0 0.35937500 0.80781250 0.04375000 0.02187500
0 0.33203125 0.87617188 0.02656250 0.01484375
0 0.46562500 0.82382813 0.03437500 0.01640625
0 0.62343750 0.64882812 0.04375000 0.02890625
