0 0.83398438 0.58867187 0.05234375 0.03671875
0 0.71562500 0.76640625 0.05937500 0.03281250
0 0.54843750 0.79414063 0.06250000 0.02890625
0 0.26992187 0.59023437 0.03046875 0.02421875
0 0.30468750 0.46015625 0.04687500 0.02968750
0 0.50703125 0.61250000 0.04218750 0.02812500
0 0.52382812 0.71796875 0.06015625 0.03593750
0 0.42109375 0.74453125 0.05468750 0.02031250
0 0.45468750 0.68750000 0.02812500 0.02812500
0 0.82695312 0.26992187 0.04765625 0.02109375
0 0.65117187 0.47500000 0.05234375 0.03125000
1 0.59296875 0.72070312 0.07968750 0.06015625
