0 0.36757812 0.09960938 0.04765625 0.03359375
0 0.32382813 0.14296875 0.03515625 0.02031250
0 0.48750000 0.15742187 0.03125000 0.01796875
0 0.36640625 0.18710937 0.03906250 0.01796875
0 0.25898437 0.17617188 0.03984375 0.02421875
0 0.33710937 0.52695313 0.04609375 0.02578125
0 0.78750000 0.58554688 0.03750000 0.03046875
0 0.66757813 0.53359375 0.03203125 0.02031250
0 0.71992188 0.52031250 0.02109375 0.01562500
0 0.81953125 0.70000000 0.04218750 0.02812500
0 0.55625000 0.87851563 0.01875000 0.01328125
3 0.60351562 0.54921875 0.22890625 0.14843750
