0 0.61875000 0.57070312 0.03437500 0.01953125
0 0.55312500 0.54023438 0.03125000 0.02109375
0 0.59335938 0.54687500 0.02109375 0.01875000
0 0.64140625 0.51601562 0.02656250 0.01640625
0 0.55234375 0.62382812 0.02343750 0.01953125
0 0.39648438 0.49882813 0.02109375 0.01953125
0 0.38242188 0.51484375 0.01796875 0.02968750
0 0.47304687 0.66562500 0.02421875 0.01562500
0 0.62773437 0.59882813 0.02734375 0.01640625
0 0.58125000 0.60781250 0.02500000 0.01875000
0 0.55390625 0.59453125 0.02343750 0.01718750
0 0.28671875 0.52539062 0.01093750 0.01328125
0 0.32617188 0.52265625 0.01171875 0.01093750
0 0.38164063 0.48164062 0.01640625 0.01015625
