0 0.45546875 0.40351562 0.11406250 0.10078125
0 0.34570312 0.37929687 0.10703125 0.04296875
0 0.36835937 0.35781250 0.02421875 0.02187500
0 0.54726562 0.42148438 0.06015625 0.09296875
0 0.53359375 0.63125000 0.04218750 0.02812500
0 0.55390625 0.66015625 0.03906250 0.01718750
0 0.42109375 0.47968750 0.02968750 0.02187500
0 0.25820312 0.41445312 0.06640625 0.04453125
0 0.34609375 0.42734375 0.07031250 0.04218750
0 0.18007813 0.64492187 0.04453125 0.03671875
0 0.23398437 0.68359375 0.03671875 0.02656250
0 0.60234375 0.68281250 0.03906250 0.03750000
3 0.26367188 0.63242188 0.05859375 0.04296875
