0 0.69882813 0.42734375 0.04140625 0.02968750
0 0.70585937 0.46328125 0.03046875 0.02343750
0 0.67500000 0.46523437 0.02812500 0.02734375
0 0.60937500 0.53398437 0.03125000 0.02109375
0 0.69062500 0.52773437 0.03750000 0.02109375
0 0.65898437 0.57304687 0.04609375 0.03359375
0 0.62070313 0.57656250 0.02890625 0.02187500
0 0.60156250 0.60468750 0.04062500 0.02500000
0 0.50156250 0.57578125 0.01875000 0.02343750
0 0.47226563 0.54218750 0.01640625 0.01875000
0 0.54453125 0.53242188 0.02656250 0.01796875
0 0.42265625 0.39765625 0.02968750 0.02031250
0 0.37460938 0.34609375 0.04921875 0.02968750
0 0.33359375 0.36914062 0.03281250 0.01953125
0 0.33554688 0.40507813 0.04609375 0.02265625
0 0.38164063 0.38515625 0.04140625 0.03593750
0 0.53554687 0.58750000 0.02421875 0.01875000
0 0.55351562 0.65351563 0.02890625 0.02265625
0 0.43007812 0.51132813 0.02578125 0.01953125
0 0.35000000 0.43515625 0.03437500 0.02656250
0 0.43554688 0.72421875 0.03046875 0.02031250
0 0.56796875 0.58398438 0.02968750 0.03046875
0 0.52968750 0.61171875 0.03750000 0.02031250
3 0.54414063 0.56054688 0.11328125 0.04296875
