0 0.43554688 0.23359375 0.02734375 0.02343750
0 0.29492188 0.56445312 0.06796875 0.06015625
0 0.27265625 0.47343750 0.02343750 0.01875000
0 0.31015625 0.50078125 0.01718750 0.01718750
0 0.63945312 0.47382812 0.02890625 0.01640625
0 0.70234375 0.51015625 0.03593750 0.02656250
0 0.73593750 0.57617188 0.05000000 0.03671875
0 0.47890625 0.55000000 0.02343750 0.01562500
0 0.55898437 0.46562500 0.01484375 0.01875000
0 0.37968750 0.51484375 0.02500000 0.01718750
0 0.47929688 0.70820313 0.06171875 0.04453125
0 0.68671875 0.63593750 0.01718750 0.01562500
0 0.69179687 0.55664062 0.01796875 0.01328125
0 0.67578125 0.53437500 0.01718750 0.01562500
0 0.51718750 0.50429687 0.02500000 0.02109375
