1 0.39748203 0.27850859 0.04496406 0.00389219
1 0.40830312 0.28968984 0.04160625 0.00437969
1 0.34210781 0.29243047 0.04671562 0.00048594
1 0.57659688 0.27761172 0.26569375 0.01459844
1 0.41739766 0.30570469 0.16917031 0.01765937
1 0.57190937 0.29861641 0.16569375 0.00973281
1 0.68147813 0.29469687 0.13795625 0.01751875
1 0.67444844 0.32891562 0.18327187 0.05158125
1 0.39581406 0.33168359 0.16350312 0.03211719
1 0.66280937 0.32795625 0.13499375 0.02466250
1 0.74652109 0.36120313 0.02741719 0.03803125
1 0.62780234 0.26250313 0.17122969 0.01250625
1 0.39178281 0.62227109 0.05231562 0.04141719
1 0.40157500 0.64381797 0.05940000 0.05013594
1 0.45164766 0.63219063 0.06267031 0.04250625
1 0.66923516 0.62942891 0.05722031 0.04323281
