0 0.62851563 0.47500000 0.06328125 0.02500000
0 0.49882813 0.50781250 0.03828125 0.02500000
0 0.54218750 0.47656250 0.03750000 0.02500000
0 0.63476562 0.43632813 0.08203125 0.01640625
0 0.51171875 0.45312500 0.04531250 0.01562500
0 0.46757813 0.63515625 0.03515625 0.02343750
0 0.45585938 0.66601562 0.04921875 0.03203125
0 0.62851563 0.75546875 0.05078125 0.04843750
0 0.67656250 0.73281250 0.02187500 0.01562500
0 0.56406250 0.51718750 0.03125000 0.01875000
0 0.71562500 0.47773437 0.03750000 0.02421875
0 0.63984375 0.41015625 0.09531250 0.02656250
0 0.57812500 0.44765625 0.05000000 0.03593750
