1 0.51718750 0.52148438 0.07187500 0.03046875
1 0.58554688 0.47734375 0.04609375 0.02968750
1 0.38007812 0.44023438 0.07890625 0.05859375
1 0.52343750 0.57773438 0.07187500 0.03046875
1 0.58085937 0.60625000 0.04921875 0.05312500
1 0.46953125 0.65976563 0.06406250 0.02578125
1 0.46601562 0.42382812 0.03515625 0.02578125
3 0.56484375 0.54375000 0.05468750 0.05312500
0 0.51562500 0.60546875 0.02187500 0.01406250
0 0.62187500 0.58867187 0.01875000 0.01796875
0 0.65234375 0.52656250 0.01093750 0.01250000
0 0.60742188 0.56914062 0.02109375 0.01015625
0 0.55351562 0.63242188 0.01015625 0.01171875
0 0.57343750 0.64414063 0.02812500 0.02578125
0 0.60078125 0.67539063 0.01718750 0.01640625
0 0.61562500 0.66796875 0.01562500 0.01406250
0 0.63437500 0.65117187 0.01250000 0.01796875
0 0.60078125 0.51210937 0.01093750 0.00859375
