0 0.59843750 0.66835937 0.02500000 0.01484375
0 0.63046875 0.69609375 0.02343750 0.01718750
0 0.62187500 0.71718750 0.02187500 0.01250000
0 0.66562500 0.66015625 0.02187500 0.01718750
0 0.66328125 0.63281250 0.02968750 0.01875000
0 0.65664062 0.61250000 0.03203125 0.01875000
0 0.63906250 0.56718750 0.03125000 0.01875000
0 0.70742187 0.57421875 0.02734375 0.01718750
0 0.63085938 0.78828125 0.02734375 0.01718750
0 0.60898438 0.79843750 0.02734375 0.01250000
0 0.58164063 0.81328125 0.02890625 0.01718750
0 0.37578125 0.44726562 0.05781250 0.02578125
0 0.77343750 0.49023438 0.03750000 0.03671875
0 0.63515625 0.46328125 0.04531250 0.02343750
0 0.47890625 0.41992188 0.03281250 0.01796875
0 0.36054687 0.49140625 0.03046875 0.01406250
0 0.39804688 0.48945312 0.02421875 0.01328125
0 0.42304687 0.43281250 0.02421875 0.01562500
3 0.54921875 0.61679688 0.08593750 0.07109375
0 0.61835938 0.62617188 0.03359375 0.05234375
0 0.40585938 0.68750000 0.01171875 0.00625000
