0 0.47304687 0.56796875 0.03671875 0.03281250
0 0.50117188 0.60234375 0.03671875 0.02343750
0 0.54414063 0.62304688 0.03203125 0.02421875
0 0.54570312 0.39101562 0.02265625 0.01640625
0 0.80820313 0.38437500 0.02890625 0.02187500
0 0.77031250 0.62890625 0.01562500 0.01093750
0 0.82460937 0.44062500 0.01484375 0.01250000
0 0.78750000 0.45625000 0.02812500 0.01250000
0 0.76015625 0.45546875 0.01718750 0.01406250
0 0.79140625 0.42734375 0.01718750 0.01718750
0 0.84140625 0.39726563 0.01718750 0.01328125
0 0.61445313 0.37421875 0.01953125 0.01093750
0 0.40664062 0.50546875 0.01328125 0.01093750
0 0.61250000 0.75312500 0.02187500 0.01875000
0 0.64960938 0.74960938 0.04921875 0.02421875
3 0.58867187 0.57734375 0.14609375 0.09218750
3 0.46132812 0.41210938 0.06015625 0.02734375
3 0.51132813 0.39453125 0.03828125 0.02343750
3 0.43593750 0.51250000 0.03437500 0.01875000
0 0.58710938 0.74570313 0.02109375 0.02265625
