0 0.32265625 0.66875000 0.02343750 0.02187500
0 0.33867188 0.72695312 0.02734375 0.01328125
0 0.31445312 0.70937500 0.01953125 0.01562500
0 0.40859375 0.65859375 0.02031250 0.01406250
0 0.64960938 0.82656250 0.01796875 0.00937500
0 0.64414063 0.85664063 0.02265625 0.02890625
0 0.46523437 0.85703125 0.02109375 0.01093750
0 0.46328125 0.87617188 0.02656250 0.01484375
0 0.67773438 0.33398438 0.00859375 0.01484375
0 0.69687500 0.36015625 0.01875000 0.01093750
0 0.43632813 0.39375000 0.01328125 0.00937500
0 0.45585938 0.36445312 0.03359375 0.01015625
0 0.43867187 0.34765625 0.01796875 0.01093750
3 0.71210938 0.63984375 0.11484375 0.09531250
3 0.38125000 0.63593750 0.11250000 0.07187500
0 0.58164063 0.40546875 0.02890625 0.01718750
0 0.68164062 0.38281250 0.01953125 0.01250000
0 0.70859375 0.40781250 0.01406250 0.00937500
0 0.48671875 0.39843750 0.01718750 0.01250000
0 0.48750000 0.35078125 0.01562500 0.01093750
0 0.61015625 0.32734375 0.01718750 0.01718750
0 0.54257813 0.33281250 0.04140625 0.01875000
0 0.55195313 0.35820313 0.03828125 0.01953125
