0 0.46679688 0.58203125 0.14921875 0.11093750
0 0.60507813 0.41640625 0.05390625 0.00781250
0 0.60234375 0.45546875 0.02968750 0.01718750
0 0.59531250 0.54296875 0.04687500 0.02343750
0 0.55898437 0.60312500 0.05234375 0.02812500
0 0.53867188 0.65390625 0.03984375 0.02343750
0 0.59765625 0.64023438 0.02031250 0.02421875
0 0.55351562 0.47460938 0.02578125 0.02734375
0 0.74101562 0.54375000 0.01953125 0.01562500
0 0.07578125 0.35625000 0.02031250 0.02812500
0 0.34335938 0.58710938 0.10546875 0.08359375
0 0.23554687 0.63085938 0.06171875 0.11171875
0 0.18945312 0.67734375 0.06328125 0.03281250
