0 0.18476562 0.69765625 0.03203125 0.02343750
0 0.26875000 0.67187500 0.02187500 0.03125000
0 0.28945312 0.70781250 0.03203125 0.01875000
0 0.30273438 0.73515625 0.01171875 0.00781250
0 0.39453125 0.61171875 0.02968750 0.02031250
0 0.46328125 0.62421875 0.03281250 0.01718750
0 0.33710937 0.53515625 0.03046875 0.02656250
0 0.27773437 0.53515625 0.03671875 0.02343750
0 0.24843750 0.54570312 0.04687500 0.01640625
0 0.34414062 0.59921875 0.04453125 0.02656250
0 0.42460938 0.57343750 0.09296875 0.03750000
0 0.42382812 0.54687500 0.04140625 0.02500000
0 0.48085937 0.59140625 0.04609375 0.02343750
0 0.50507813 0.49492188 0.04140625 0.03671875
0 0.38476562 0.53359375 0.04765625 0.05781250
0 0.36562500 0.69531250 0.07187500 0.04062500
0 0.43828125 0.66406250 0.10781250 0.03750000
0 0.30195312 0.64218750 0.08203125 0.05937500
0 0.35664062 0.39843750 0.05703125 0.02812500
0 0.57500000 0.64531250 0.01875000 0.02187500
0 0.52695313 0.67343750 0.04453125 0.05937500
0 0.21367188 0.74687500 0.02109375 0.00937500
0 0.50507813 0.83906250 0.01953125 0.01562500
0 0.25976562 0.76562500 0.01953125 0.00937500
0 0.22695313 0.68867188 0.01328125 0.01171875
0 0.21132813 0.72226563 0.01328125 0.01015625
0 0.13242187 0.75625000 0.00546875 0.01250000
0 0.31015625 0.57265625 0.02343750 0.02031250
0 0.54765625 0.63554687 0.02343750 0.01484375
0 0.31015625 0.54960937 0.00781250 0.01484375
0 0.46718750 0.54843750 0.02812500 0.01562500
