0 0.77031250 0.50859375 0.02187500 0.01718750
0 0.80546875 0.55312500 0.02968750 0.01875000
0 0.69218750 0.60859375 0.01875000 0.02343750
0 0.65117187 0.61250000 0.03671875 0.02500000
0 0.64960938 0.53906250 0.03359375 0.03125000
0 0.61015625 0.49453125 0.02968750 0.04218750
0 0.52968750 0.43515625 0.02187500 0.02031250
0 0.55664062 0.50156250 0.03203125 0.03125000
0 0.54726562 0.46562500 0.03203125 0.01875000
0 0.64375000 0.45000000 0.02812500 0.02500000
0 0.72539062 0.45625000 0.05390625 0.03750000
0 0.83437500 0.44609375 0.01250000 0.02031250
0 0.51523438 0.24648438 0.03359375 0.02109375
0 0.53007812 0.27109375 0.04765625 0.02031250
0 0.44921875 0.34921875 0.02031250 0.02656250
0 0.46054688 0.40234375 0.03671875 0.02031250
0 0.47382812 0.43281250 0.04140625 0.02500000
0 0.51367188 0.56171875 0.03359375 0.03593750
0 0.46445313 0.56093750 0.08515625 0.04687500
0 0.92031250 0.66406250 0.03437500 0.01875000
0 0.75546875 0.66914063 0.01718750 0.01953125
0 0.76289063 0.70937500 0.01328125 0.01562500
0 0.76914063 0.58398438 0.02578125 0.01796875
0 0.74570313 0.61640625 0.04765625 0.02656250
0 0.82812500 0.68203125 0.02500000 0.01718750
0 0.48398438 0.25312500 0.01484375 0.01562500
