0 0.64531250 0.69023437 0.02812500 0.01484375
0 0.68828125 0.69765625 0.01406250 0.02031250
0 0.48984375 0.45351562 0.02343750 0.01328125
0 0.58984375 0.46679688 0.02031250 0.01484375
0 0.45585938 0.42421875 0.02421875 0.01718750
0 0.63085938 0.43867187 0.01171875 0.00859375
0 0.64687500 0.44765625 0.02812500 0.01093750
0 0.51757812 0.47460938 0.01640625 0.01171875
0 0.55429688 0.42500000 0.01484375 0.01250000
0 0.57460937 0.41406250 0.02109375 0.01875000
0 0.54765625 0.39140625 0.01406250 0.01406250
0 0.53632813 0.39414063 0.01328125 0.01328125
0 0.52500000 0.39804688 0.00937500 0.01171875
0 0.42148438 0.36718750 0.01171875 0.01250000
0 0.60820312 0.36445312 0.02265625 0.01640625
0 0.60312500 0.39414063 0.01875000 0.01015625
