0 0.61601562 0.54960937 0.01640625 0.01171875
0 0.56132812 0.70820313 0.01953125 0.02265625
3 0.58789062 0.71289062 0.02265625 0.04765625
0 0.64531250 0.84960938 0.01562500 0.01796875
0 0.50273437 0.71640625 0.01796875 0.02031250
0 0.51015625 0.75390625 0.01406250 0.01406250
0 0.48906250 0.78789062 0.03125000 0.02578125
0 0.37578125 0.65625000 0.01093750 0.01250000
0 0.31367187 0.85078125 0.02421875 0.01718750
0 0.48750000 0.89375000 0.01562500 0.00937500
0 0.58750000 0.81093750 0.01562500 0.00625000
0 0.59492188 0.76328125 0.01171875 0.01406250
0 0.55195313 0.86679688 0.01328125 0.01171875
0 0.37148437 0.91015625 0.01484375 0.01093750
0 0.38007812 0.50273437 0.01640625 0.01171875
0 0.58906250 0.51796875 0.01875000 0.01718750
