0 0.60664063 0.75781250 0.02578125 0.01562500
0 0.57656250 0.78750000 0.01875000 0.01250000
0 0.59492188 0.77539062 0.01484375 0.01015625
0 0.64023438 0.78398437 0.02421875 0.01171875
3 0.61562500 0.76796875 0.05937500 0.03281250
0 0.63007813 0.93906250 0.02265625 0.01562500
0 0.65351563 0.95390625 0.02265625 0.01093750
0 0.59062500 0.56054688 0.01875000 0.01171875
0 0.61250000 0.56289062 0.02187500 0.01640625
0 0.58476562 0.58632812 0.01953125 0.02890625
0 0.71523437 0.62968750 0.01796875 0.01250000
0 0.75468750 0.66562500 0.01250000 0.01250000
0 0.76210937 0.62031250 0.01484375 0.01562500
0 0.76484375 0.64921875 0.01406250 0.01406250
0 0.78281250 0.64140625 0.01875000 0.02343750
0 0.57265625 0.80820313 0.01406250 0.01015625
