1 0.41132812 0.36250000 0.02890625 0.05625000
1 0.69218750 0.46445313 0.03437500 0.01953125
1 0.18476562 0.45546875 0.02890625 0.02343750
1 0.26132813 0.53632813 0.12578125 0.03515625
1 0.60468750 0.63398438 0.06562500 0.07421875
1 0.29804687 0.65507812 0.05546875 0.07578125
1 0.38046875 0.39375000 0.02656250 0.01875000
1 0.25156250 0.37578125 0.01562500 0.03281250
1 0.29960938 0.27773437 0.09609375 0.02734375
1 0.23906250 0.30507812 0.03437500 0.02578125
1 0.28984375 0.30859375 0.07968750 0.02031250
1 0.32070312 0.25000000 0.16015625 0.03750000
3 0.30625000 0.31171875 0.09375000 0.10156250
3 0.26445313 0.58632812 0.05703125 0.05390625
