0 0.41757813 0.18906250 0.06640625 0.03125000
0 0.29453125 0.17500000 0.03593750 0.02500000
0 0.28867188 0.22421875 0.06171875 0.02656250
0 0.47656250 0.32343750 0.05937500 0.03437500
0 0.48281250 0.36406250 0.04062500 0.02187500
0 0.51835937 0.28828125 0.05234375 0.03281250
0 0.38750000 0.85234375 0.03437500 0.02656250
0 0.81445312 0.59531250 0.03203125 0.02812500
0 0.85742188 0.55351562 0.01796875 0.01328125
0 0.82851562 0.56875000 0.01953125 0.01562500
0 0.73945313 0.56132812 0.02890625 0.01953125
