1 0.46093750 0.24218750 0.24375000 0.02500000
1 0.51093750 0.20156250 0.18125000 0.01250000
1 0.53203125 0.33007812 0.02968750 0.06015625
1 0.39453125 0.62578125 0.07968750 0.12656250
0 0.46562500 0.49765625 0.02812500 0.02031250
0 0.31367187 0.52539062 0.02734375 0.01328125
0 0.28710938 0.51601562 0.02734375 0.01640625
0 0.29882812 0.56835938 0.02265625 0.02109375
0 0.23398437 0.28671875 0.03359375 0.02968750
0 0.39843750 0.20078125 0.03125000 0.01406250
0 0.71093750 0.26601562 0.03437500 0.01953125
0 0.31367187 0.50390625 0.02421875 0.01718750
0 0.80664062 0.55156250 0.01953125 0.01562500
0 0.46953125 0.67851562 0.02343750 0.01640625
0 0.46835938 0.71445313 0.02421875 0.02265625
0 0.40351562 0.65859375 0.04453125 0.03593750
