0 0.25468750 0.48242188 0.03125000 0.01171875
0 0.63125000 0.57421875 0.03750000 0.02968750
0 0.66171875 0.48164062 0.02343750 0.02578125
0 0.63164062 0.46679688 0.03203125 0.01796875
0 0.63906250 0.50039062 0.03125000 0.02890625
0 0.50625000 0.53828125 0.03125000 0.01406250
0 0.50937500 0.50703125 0.06250000 0.02656250
0 0.39062500 0.48437500 0.02812500 0.01250000
0 0.35664062 0.50585938 0.02890625 0.01796875
0 0.45820312 0.74296875 0.02578125 0.01718750
0 0.60742188 0.68085938 0.04921875 0.02421875
0 0.52851563 0.68398437 0.03203125 0.02109375
0 0.43398437 0.66250000 0.03046875 0.01250000
0 0.57421875 0.62773437 0.03281250 0.02109375
0 0.54062500 0.58476562 0.02812500 0.01640625
0 0.53164062 0.56015625 0.06328125 0.01718750
0 0.72851562 0.51406250 0.05078125 0.03437500
0 0.69062500 0.55000000 0.02812500 0.01875000
0 0.63867188 0.54140625 0.03359375 0.02968750
0 0.54453125 0.45312500 0.03281250 0.02187500
1 0.32500000 0.26679687 0.14375000 0.02734375
1 0.18515625 0.27265625 0.07343750 0.02031250
1 0.24843750 0.32070312 0.02812500 0.05390625
1 0.24218750 0.36835937 0.05625000 0.01484375
