0 0.34062500 0.60742188 0.04687500 0.02734375
0 0.37695312 0.52539062 0.02578125 0.02265625
0 0.32031250 0.43359375 0.03125000 0.02968750
0 0.46054688 0.45742187 0.03046875 0.01796875
0 0.78281250 0.43007812 0.02812500 0.01640625
0 0.64335937 0.44921875 0.03046875 0.01406250
0 0.67617187 0.51523438 0.02734375 0.01484375
1 0.67812500 0.52890625 0.15000000 0.10781250
0 0.66992188 0.61171875 0.04921875 0.02031250
0 0.31992188 0.47382812 0.02734375 0.01953125
0 0.64023438 0.42460938 0.03046875 0.02109375
0 0.55976563 0.18125000 0.02578125 0.01875000
0 0.73046875 0.18476562 0.01718750 0.01015625
1 0.88750000 0.28164062 0.00937500 0.05078125
0 0.81953125 0.17031250 0.03593750 0.02500000
0 0.84882813 0.22109375 0.02265625 0.01406250
0 0.52070313 0.55351562 0.03828125 0.02265625
0 0.58320313 0.49453125 0.03515625 0.02031250
0 0.55312500 0.59335938 0.05625000 0.03671875
0 0.40898438 0.31562500 0.04296875 0.01875000
