0 0.37460938 0.18007813 0.05546875 0.03203125
0 0.44492188 0.20859375 0.01796875 0.02343750
0 0.56054688 0.25312500 0.02421875 0.01562500
0 0.61953125 0.25976562 0.02343750 0.01640625
0 0.48085937 0.42109375 0.03046875 0.01718750
3 0.41054687 0.42343750 0.05234375 0.05000000
0 0.63554687 0.53046875 0.01796875 0.02031250
0 0.68632812 0.48164062 0.02578125 0.01953125
0 0.68320313 0.51757812 0.02890625 0.02265625
0 0.69140625 0.53750000 0.01718750 0.01875000
0 0.62304688 0.60039062 0.02421875 0.01640625
0 0.57851562 0.62226563 0.02890625 0.01328125
0 0.51796875 0.47265625 0.02968750 0.01718750
0 0.47617188 0.44609375 0.02109375 0.01718750
0 0.55234375 0.50195312 0.02343750 0.01328125
0 0.45703125 0.60937500 0.02343750 0.01562500
0 0.38085938 0.51250000 0.03046875 0.01562500
0 0.72343750 0.41640625 0.02187500 0.01718750
0 0.49257812 0.62929687 0.03203125 0.01484375
0 0.47773437 0.24726562 0.02421875 0.01328125
0 0.50507813 0.50507813 0.02578125 0.01640625
0 0.62734375 0.56015625 0.02968750 0.02343750
