0 0.50117188 0.28828125 0.01484375 0.00781250
0 0.51796875 0.29296875 0.02031250 0.00781250
0 0.45312500 0.30859375 0.02187500 0.01093750
0 0.47187500 0.35625000 0.01562500 0.01250000
0 0.47148438 0.40273437 0.02421875 0.01171875
0 0.42734375 0.35039063 0.02031250 0.01015625
0 0.41953125 0.36171875 0.01406250 0.00781250
0 0.40937500 0.39375000 0.01562500 0.00937500
0 0.44296875 0.41796875 0.01718750 0.00781250
0 0.48125000 0.44453125 0.01875000 0.01093750
0 0.54335937 0.41484375 0.02109375 0.00781250
0 0.49648437 0.42734375 0.02421875 0.01093750
0 0.44882813 0.43046875 0.02578125 0.01093750
0 0.63984375 0.42304687 0.02656250 0.01171875
0 0.73046875 0.26015625 0.02343750 0.00781250
0 0.78046875 0.28203125 0.01406250 0.01093750
0 0.84570312 0.29531250 0.02265625 0.00937500
0 0.84101563 0.28007813 0.01328125 0.00703125
0 0.81171875 0.30703125 0.01718750 0.01093750
0 0.62070313 0.24882813 0.02578125 0.01015625
0 0.53984375 0.27265625 0.02343750 0.01093750
0 0.56796875 0.44453125 0.02343750 0.00781250
0 0.61328125 0.43007812 0.01718750 0.01015625
0 0.62890625 0.44765625 0.01718750 0.01093750
