0 0.36054687 0.20039062 0.08984375 0.01015625
0 0.14687500 0.20859375 0.03125000 0.01406250
0 0.16757812 0.18789063 0.02578125 0.01328125
0 0.18320312 0.15351562 0.02890625 0.01640625
0 0.15937500 0.14296875 0.01875000 0.01093750
0 0.13554688 0.16875000 0.03046875 0.01562500
0 0.28945312 0.14648438 0.02578125 0.01171875
0 0.34804687 0.13867188 0.03984375 0.01171875
0 0.55468750 0.51445312 0.05625000 0.01640625
0 0.49492188 0.53554687 0.06171875 0.01796875
0 0.65820312 0.53554687 0.02890625 0.02109375
0 0.57734375 0.54218750 0.03906250 0.01562500
0 0.75429687 0.50078125 0.03359375 0.01718750
0 0.76054687 0.47460938 0.02734375 0.01171875
0 0.71250000 0.54726562 0.01875000 0.01328125
0 0.68203125 0.56835938 0.01718750 0.01484375
0 0.80820313 0.50820312 0.02265625 0.01328125
0 0.28007813 0.63164062 0.02578125 0.01328125
