0 0.43710938 0.33359375 0.01484375 0.01093750
0 0.48906250 0.26054688 0.00937500 0.00859375
0 0.44765625 0.26757812 0.02968750 0.01640625
0 0.44492188 0.30781250 0.02109375 0.01562500
0 0.36171875 0.47460938 0.01718750 0.01171875
0 0.31328125 0.49960938 0.01406250 0.01171875
0 0.23750000 0.63515625 0.01250000 0.01093750
0 0.17343750 0.42421875 0.01562500 0.02968750
0 0.23906250 0.38828125 0.01250000 0.01093750
0 0.20195313 0.40039062 0.02578125 0.01015625
0 0.19765625 0.41562500 0.01718750 0.01562500
0 0.16132812 0.44257812 0.01015625 0.01953125
0 0.21718750 0.53750000 0.01875000 0.01562500
0 0.27226563 0.66796875 0.01640625 0.01406250
0 0.25234375 0.66250000 0.01718750 0.02187500
0 0.23320313 0.61171875 0.01328125 0.01718750
0 0.66835937 0.59140625 0.02109375 0.02343750
0 0.69257813 0.50000000 0.01015625 0.01562500
0 0.71406250 0.53632813 0.01562500 0.01953125
0 0.30976562 0.23085938 0.02265625 0.02109375
0 0.33632812 0.29648438 0.02890625 0.01484375
0 0.47890625 0.77421875 0.02031250 0.01406250
0 0.42148438 0.73828125 0.02421875 0.01406250
0 0.38828125 0.75234375 0.02031250 0.01406250
0 0.53164062 0.76093750 0.01640625 0.00937500
0 0.49492188 0.75351563 0.03359375 0.01328125
0 0.31562500 0.62304688 0.01250000 0.01171875
0 0.38242188 0.31132813 0.03046875 0.01953125
0 0.35390625 0.32617188 0.02031250 0.02421875
0 0.58320313 0.30039063 0.01640625 0.01328125
0 0.38828125 0.20507812 0.01406250 0.01015625
0 0.25039062 0.27968750 0.01953125 0.01875000
0 0.66875000 0.48945312 0.01562500 0.01640625
