1 0.51416641 0.25205078 0.05333281 0.01347656
1 0.54327578 0.27810469 0.01155156 0.00620937
1 0.52018281 0.28050703 0.03411563 0.00788906
1 0.48387188 0.28490859 0.01149375 0.00731719
1 0.55213281 0.28623047 0.00739063 0.00996094
1 0.49734766 0.28637578 0.01344531 0.00400156
1 0.57684219 0.29799063 0.01618438 0.00848125
1 0.59557578 0.31088047 0.01927656 0.01551094
1 0.61094453 0.32283906 0.00938906 0.00817813
1 0.50656641 0.30436016 0.06625781 0.00872031
1 0.58631250 0.33100469 0.04450000 0.02450938
1 0.48726641 0.33302969 0.03390781 0.00980937
1 0.56062344 0.34298984 0.02749688 0.00785469
1 0.51167422 0.39288203 0.00459844 0.04201406
1 0.52697891 0.37100703 0.01333281 0.04201406
1 0.47279453 0.38159141 0.00183906 0.03818281
1 0.47071328 0.40615547 0.00392656 0.01231094
1 0.60622813 0.57814766 0.02808125 0.08754531
1 0.62122813 0.58389922 0.01120625 0.04904844
