0 0.57031250 0.50703125 0.01562500 0.01093750
0 0.55000000 0.53046875 0.01562500 0.01406250
0 0.50117188 0.55234375 0.01484375 0.01406250
0 0.50195312 0.58242187 0.01328125 0.01171875
0 0.48554687 0.49453125 0.01171875 0.01406250
0 0.53984375 0.34882812 0.01406250 0.01640625
0 0.69570312 0.28945312 0.01015625 0.01015625
0 0.61601562 0.32070312 0.02890625 0.01640625
0 0.63398438 0.30273438 0.01484375 0.01171875
0 0.59726563 0.28671875 0.02265625 0.02031250
0 0.68281250 0.27695313 0.03437500 0.01015625
0 0.52617187 0.33515625 0.01484375 0.01093750
0 0.55351562 0.31992188 0.01640625 0.01171875
0 0.59687500 0.34648438 0.01562500 0.01484375
0 0.55976563 0.34414062 0.01953125 0.01328125
0 0.76523438 0.32851562 0.01796875 0.01640625
0 0.68242187 0.31406250 0.01796875 0.01562500
0 0.70976562 0.34804687 0.01640625 0.01171875
0 0.61562500 0.53789062 0.02812500 0.04140625
0 0.54648438 0.66562500 0.01796875 0.00937500
0 0.54218750 0.68671875 0.02812500 0.01093750
0 0.46171875 0.61992187 0.02343750 0.01796875
3 0.54218750 0.55273438 0.13437500 0.10234375
