1 0.28789063 0.48242188 0.03515625 0.01171875
0 0.24218750 0.46132812 0.00937500 0.01640625
0 0.25039062 0.43398437 0.01328125 0.00859375
0 0.30898437 0.40546875 0.01484375 0.01093750
0 0.37460938 0.43046875 0.01796875 0.01093750
0 0.50078125 0.47031250 0.01406250 0.01250000
0 0.52695313 0.50390625 0.01953125 0.01406250
0 0.41171875 0.39218750 0.01406250 0.00937500
0 0.44375000 0.42187500 0.01562500 0.01250000
0 0.56718750 0.61093750 0.02187500 0.01562500
0 0.54218750 0.65156250 0.01875000 0.01562500
0 0.54687500 0.47382812 0.01250000 0.01015625
3 0.47421875 0.63906250 0.09218750 0.06562500
0 0.55898437 0.69414062 0.01484375 0.01015625
0 0.49179688 0.74843750 0.01796875 0.01250000
1 0.30937500 0.54765625 0.04687500 0.01093750
