0 0.48632812 0.50976562 0.03203125 0.03203125
0 0.46210937 0.53945312 0.05546875 0.02890625
0 0.54453125 0.51718750 0.01718750 0.02187500
0 0.48554687 0.57226562 0.02734375 0.02265625
0 0.52109375 0.56562500 0.03906250 0.02187500
0 0.43710938 0.62148437 0.02734375 0.02109375
0 0.37578125 0.73515625 0.01406250 0.01093750
0 0.24492188 0.33710937 0.06171875 0.03359375
0 0.50742188 0.34218750 0.03984375 0.04375000
0 0.55664062 0.49375000 0.01953125 0.02500000
0 0.43671875 0.27421875 0.02656250 0.02656250
0 0.34335938 0.33750000 0.03359375 0.02812500
0 0.10156250 0.38320312 0.02812500 0.02578125
0 0.17265625 0.29257813 0.04218750 0.01953125
1 0.20000000 0.42031250 0.04062500 0.06250000
0 0.37226562 0.27031250 0.01953125 0.02187500
