0 0.68750000 0.32656250 0.01562500 0.02500000
1 0.65156250 0.30664062 0.02812500 0.04765625
0 0.57421875 0.32773438 0.02343750 0.01171875
0 0.44726562 0.50078125 0.03828125 0.02031250
0 0.39921875 0.53007812 0.04843750 0.02265625
0 0.33828125 0.53398437 0.02968750 0.02109375
0 0.28359375 0.52031250 0.01718750 0.00937500
0 0.31093750 0.52617187 0.01875000 0.01484375
0 0.33906250 0.56015625 0.03125000 0.02031250
0 0.41718750 0.59140625 0.02187500 0.01406250
0 0.42812500 0.55468750 0.05312500 0.01250000
0 0.47343750 0.56718750 0.02500000 0.02500000
