0 0.73906250 0.45078125 0.01875000 0.00781250
0 0.51523438 0.49531250 0.01796875 0.01250000
0 0.53281250 0.48320313 0.01250000 0.00703125
0 0.48125000 0.49453125 0.01562500 0.01093750
0 0.48398438 0.51640625 0.01484375 0.00781250
0 0.45898438 0.52109375 0.01171875 0.00781250
0 0.49414062 0.53125000 0.01953125 0.01250000
0 0.50078125 0.55312500 0.01718750 0.01562500
0 0.49921875 0.57656250 0.01718750 0.01250000
0 0.52109375 0.56093750 0.01718750 0.00937500
0 0.57226562 0.52109375 0.01328125 0.01093750
0 0.57890625 0.49531250 0.01406250 0.00937500
0 0.54101562 0.44765625 0.01328125 0.01093750
0 0.54492188 0.40976563 0.01171875 0.01015625
0 0.62460938 0.44101563 0.01484375 0.01015625
0 0.63515625 0.40156250 0.01406250 0.00937500
0 0.55898437 0.62460938 0.02109375 0.01484375
0 0.57578125 0.56796875 0.02031250 0.01406250
0 0.55585938 0.65625000 0.01796875 0.01562500
0 0.53242188 0.65625000 0.00859375 0.00937500
3 0.65507812 0.66640625 0.08828125 0.10781250
