1 0.36982891 0.34857656 0.10215781 0.02840312
1 0.44444063 0.31306719 0.12638125 0.01363437
1 0.34029687 0.33433203 0.04309375 0.02178906
1 0.42067266 0.29243359 0.11009531 0.01924219
1 0.34121094 0.31438438 0.04804688 0.02564375
1 0.42121094 0.34909297 0.00179687 0.01381094
1 0.42348437 0.38291719 0.00321875 0.01583438
1 0.52941484 0.55931875 0.04007969 0.09676250
1 0.52281406 0.49832969 0.01437812 0.00915938
1 0.53367344 0.50786953 0.00797187 0.00948906
1 0.54885547 0.54481484 0.01021094 0.03337969
1 0.37946797 0.72422578 0.03393594 0.07345156
1 0.39764609 0.71657500 0.01404219 0.05190000
1 0.41884297 0.70730391 0.00643594 0.01460781
1 0.41522187 0.72565313 0.00231875 0.02318125
1 0.41469375 0.75472266 0.00438750 0.02507031
1 0.49908906 0.68342031 0.01067813 0.02309063
1 0.50852812 0.70161719 0.00768125 0.00635937
1 0.34190781 0.65819375 0.00569062 0.06638750
1 0.40939141 0.26883672 0.06878281 0.01267344
1 0.35279531 0.28795000 0.04309063 0.02590000
1 0.32012578 0.30695078 0.02150156 0.01077656
