0 0.61679688 0.59492188 0.01484375 0.01484375
0 0.66562500 0.38085938 0.01875000 0.01171875
0 0.71132812 0.49453125 0.02265625 0.01406250
0 0.73242188 0.44335938 0.02734375 0.03359375
0 0.71328125 0.40703125 0.02343750 0.01406250
0 0.74960938 0.39218750 0.02109375 0.00937500
0 0.75429687 0.35820313 0.01484375 0.01328125
0 0.77812500 0.39335938 0.01875000 0.01796875
3 0.37773438 0.40390625 0.06796875 0.08593750
0 0.67109375 0.03710938 0.01406250 0.01171875
0 0.52734375 0.62773437 0.02343750 0.02421875
