1 0.51068047 0.27606094 0.03698594 0.02712188
1 0.65248672 0.22751484 0.06434844 0.01752969
1 0.66520859 0.24813203 0.03666719 0.01501406
1 0.56935078 0.25722422 0.09182656 0.03632344
1 0.64909297 0.26531953 0.06068594 0.01501406
1 0.57630156 0.28393438 0.04322812 0.02099375
1 0.54156953 0.29894219 0.02688906 0.01038437
1 0.51694531 0.30691797 0.02139062 0.00446094
1 0.61105391 0.28853750 0.07210781 0.02082500
1 0.57802891 0.32384062 0.00605781 0.04455625
1 0.55596094 0.32108516 0.03379687 0.01404531
1 0.70057109 0.57692734 0.01051719 0.16635469
1 0.67783984 0.43665000 0.05255469 0.03580000
