0 0.71562500 0.22148438 0.02187500 0.01171875
0 0.59609375 0.20195313 0.01718750 0.01015625
0 0.60390625 0.23671875 0.01718750 0.01093750
0 0.56640625 0.23750000 0.02968750 0.01562500
0 0.50859375 0.23359375 0.01718750 0.01406250
0 0.47382812 0.26015625 0.02265625 0.01406250
0 0.44804688 0.30859375 0.03046875 0.01718750
0 0.77890625 0.23085938 0.01718750 0.00859375
0 0.80117187 0.26132813 0.01484375 0.01015625
0 0.61054688 0.25937500 0.02421875 0.01250000
0 0.64414063 0.23242188 0.01953125 0.01171875
0 0.52343750 0.46171875 0.01875000 0.01406250
0 0.51796875 0.47890625 0.01718750 0.00781250
0 0.35468750 0.46562500 0.02812500 0.01562500
0 0.52148438 0.59492188 0.03984375 0.02421875
0 0.50625000 0.56367188 0.01875000 0.01796875
0 0.62929687 0.59062500 0.02109375 0.01562500
0 0.54609375 0.60820312 0.03906250 0.03203125
0 0.53164062 0.64023438 0.02578125 0.02421875
0 0.50625000 0.70742187 0.01562500 0.01171875
0 0.34140625 0.54492188 0.01718750 0.03046875
0 0.43984375 0.35976562 0.03906250 0.01328125
0 0.80195313 0.34062500 0.02265625 0.01250000
0 0.84648437 0.35351562 0.01171875 0.01015625
0 0.66875000 0.48203125 0.01875000 0.01406250
0 0.61796875 0.51250000 0.01718750 0.01250000
0 0.56914062 0.55859375 0.01953125 0.01718750
0 0.50507813 0.51601562 0.01953125 0.01328125
