0 0.43750000 0.26250000 0.01250000 0.00937500
0 0.42500000 0.36406250 0.01875000 0.01562500
0 0.47617188 0.38945313 0.02421875 0.01953125
0 0.32304688 0.30664062 0.01484375 0.01015625
0 0.28125000 0.33007812 0.02187500 0.01640625
0 0.37460938 0.33046875 0.03671875 0.01406250
0 0.41250000 0.34023437 0.01562500 0.01796875
0 0.37890625 0.36132812 0.02968750 0.02265625
0 0.49570313 0.35039063 0.03515625 0.01640625
0 0.50625000 0.30000000 0.02187500 0.01562500
0 0.48671875 0.27773437 0.01718750 0.01484375
0 0.51328125 0.26171875 0.02968750 0.02031250
0 0.42929688 0.53632813 0.01796875 0.01640625
0 0.40390625 0.54687500 0.02343750 0.03125000
0 0.64921875 0.56132812 0.01406250 0.01953125
3 0.32773438 0.61367187 0.04296875 0.05546875
3 0.57851562 0.59804687 0.03828125 0.04296875
0 0.49531250 0.76523438 0.06875000 0.03359375
0 0.43085937 0.77460938 0.05234375 0.02734375
0 0.45976563 0.73984375 0.04140625 0.01718750
0 0.26796875 0.56835938 0.01406250 0.02109375
0 0.27265625 0.59296875 0.01718750 0.01406250
0 0.28828125 0.62109375 0.02656250 0.01718750
0 0.30976562 0.64726562 0.01953125 0.01953125
0 0.63593750 0.59375000 0.01250000 0.01250000
0 0.60468750 0.55898437 0.02812500 0.01484375
0 0.52851563 0.37031250 0.01953125 0.01250000
0 0.53945312 0.34218750 0.04453125 0.02812500
0 0.40664062 0.29414062 0.01015625 0.01328125
0 0.39609375 0.28203125 0.01406250 0.01093750
0 0.56171875 0.38242188 0.01718750 0.01171875
0 0.58750000 0.36835937 0.01250000 0.00859375
0 0.56601563 0.36367187 0.02265625 0.01484375
