0 0.55507812 0.31640625 0.01953125 0.00781250
0 0.58085937 0.32421875 0.01796875 0.00781250
0 0.51015625 0.31953125 0.02343750 0.01093750
0 0.44453125 0.34453125 0.02343750 0.02031250
0 0.41328125 0.40351562 0.01093750 0.01640625
0 0.39296875 0.40820312 0.02343750 0.01015625
0 0.59882813 0.34492187 0.01640625 0.01171875
0 0.64609375 0.35546875 0.01093750 0.00781250
0 0.63320312 0.38085938 0.01953125 0.01484375
0 0.63125000 0.36171875 0.01875000 0.01718750
0 0.65859375 0.40859375 0.02343750 0.02031250
0 0.46445313 0.53789062 0.01328125 0.01328125
0 0.40937500 0.52070313 0.01562500 0.01953125
0 0.43593750 0.55625000 0.01875000 0.01250000
0 0.46289062 0.59453125 0.01953125 0.01406250
0 0.61093750 0.50781250 0.02187500 0.00937500
0 0.64687500 0.51093750 0.01562500 0.01562500
0 0.61992187 0.52304688 0.01171875 0.00859375
0 0.51093750 0.73476562 0.01875000 0.01328125
0 0.60078125 0.71445313 0.01093750 0.01015625
0 0.57812500 0.72226563 0.01875000 0.01328125
0 0.45156250 0.68320313 0.01875000 0.01640625
0 0.44804688 0.65976563 0.01484375 0.01015625
0 0.42031250 0.61210937 0.02500000 0.01484375
0 0.44062500 0.63164062 0.02500000 0.01640625
0 0.38476562 0.61796875 0.02890625 0.01718750
0 0.42500000 0.67109375 0.02187500 0.01093750
3 0.46796875 0.55234375 0.10156250 0.10468750
