1 0.45568984 0.45141250 0.07700469 0.02470000
1 0.47034609 0.42803828 0.07506719 0.00920156
1 0.52031797 0.41262266 0.02813594 0.01274531
1 0.46250234 0.41358281 0.05000469 0.00841563
1 0.50978516 0.39280859 0.02894531 0.01061719
1 0.44458594 0.39549141 0.09542187 0.01598281
1 0.53942500 0.38128906 0.00697500 0.00320313
1 0.55250469 0.38256094 0.01750938 0.00574687
1 0.53217266 0.38339062 0.00809531 0.00115625
1 0.56789453 0.38863359 0.01391406 0.00539219
1 0.39856016 0.53057656 0.03462031 0.02677812
1 0.38946563 0.51402187 0.04455625 0.02179375
1 0.34345781 0.49870859 0.00879063 0.00679219
1 0.36029531 0.50430703 0.01746562 0.00236406
1 0.40668047 0.54923125 0.03211094 0.05471250
1 0.38307188 0.59639062 0.01614375 0.03965625
