0 0.56171875 0.25820312 0.02031250 0.01015625
0 0.50312500 0.27968750 0.01562500 0.00937500
0 0.47812500 0.29101562 0.01562500 0.01015625
0 0.45781250 0.30312500 0.01250000 0.00937500
0 0.43906250 0.30546875 0.01562500 0.00781250
0 0.42773438 0.35507813 0.01171875 0.00703125
0 0.41250000 0.38203125 0.01250000 0.01093750
0 0.46640625 0.35585937 0.01406250 0.00859375
0 0.44804688 0.36718750 0.02109375 0.01562500
0 0.50000000 0.35976562 0.01250000 0.01015625
0 0.53437500 0.33984375 0.02812500 0.01406250
0 0.46484375 0.40000000 0.01093750 0.00937500
0 0.46953125 0.37460938 0.01093750 0.01171875
0 0.71601563 0.34687500 0.01953125 0.00937500
0 0.53984375 0.39882812 0.01718750 0.00703125
0 0.51406250 0.44804688 0.01250000 0.00859375
0 0.52890625 0.45390625 0.01406250 0.00781250
0 0.52265625 0.50390625 0.01406250 0.01093750
0 0.39296875 0.60781250 0.01718750 0.01562500
0 0.36250000 0.61093750 0.01562500 0.01250000
0 0.37539062 0.62304688 0.01328125 0.01171875
0 0.28828125 0.63906250 0.01406250 0.01250000
0 0.76406250 0.66484375 0.01562500 0.01406250
0 0.76640625 0.64257812 0.01406250 0.01015625
0 0.60390625 0.39062500 0.02031250 0.00937500
0 0.58164063 0.40585938 0.01328125 0.01171875
0 0.63046875 0.40429688 0.02968750 0.01171875
0 0.40898438 0.35078125 0.01484375 0.01406250
0 0.79453125 0.59062500 0.01406250 0.00937500
0 0.68085938 0.62304688 0.01484375 0.01171875
0 0.68164062 0.60039062 0.01015625 0.01015625
0 0.71171875 0.61484375 0.03281250 0.00781250
0 0.34453125 0.62343750 0.01406250 0.01250000
0 0.40703125 0.58281250 0.01406250 0.00937500
