0 0.59570312 0.50664062 0.01328125 0.01015625
0 0.61757812 0.45976563 0.01640625 0.01015625
0 0.60117188 0.46992187 0.01171875 0.00859375
0 0.55585938 0.48476562 0.03359375 0.01640625
0 0.52460938 0.46015625 0.02109375 0.01093750
0 0.49843750 0.45625000 0.01250000 0.01250000
0 0.55546875 0.41757813 0.01406250 0.01640625
0 0.56523437 0.44648437 0.02109375 0.01796875
0 0.60859375 0.48437500 0.02968750 0.00625000
0 0.66367188 0.46093750 0.01484375 0.00937500
0 0.64062500 0.47109375 0.01562500 0.01093750
0 0.58242187 0.45000000 0.01484375 0.01562500
0 0.59882813 0.43828125 0.01953125 0.01093750
0 0.70429688 0.44570312 0.01484375 0.01328125
0 0.68984375 0.46445313 0.00781250 0.01328125
0 0.67226562 0.47695312 0.02265625 0.01015625
0 0.58867187 0.55039063 0.01484375 0.01953125
0 0.52929688 0.35234375 0.01796875 0.01406250
0 0.50312500 0.34335938 0.01562500 0.01484375
0 0.58398438 0.32851562 0.01484375 0.01015625
0 0.59023437 0.30156250 0.01484375 0.01250000
0 0.56093750 0.30937500 0.01250000 0.01250000
0 0.58945313 0.25664063 0.01640625 0.01640625
0 0.61093750 0.22773437 0.02812500 0.01484375
0 0.64843750 0.19726562 0.04062500 0.01953125
0 0.79921875 0.27851562 0.01093750 0.01328125
0 0.84648437 0.20703125 0.01171875 0.01093750
0 0.81992188 0.21992187 0.02109375 0.01484375
0 0.86054688 0.27617188 0.01171875 0.01171875
0 0.80312500 0.29296875 0.05625000 0.01718750
0 0.85156250 0.32187500 0.01562500 0.01250000
0 0.83046875 0.32929687 0.01406250 0.01171875
0 0.88242188 0.28281250 0.01484375 0.01875000
0 0.81445312 0.39687500 0.01328125 0.01562500
0 0.78945312 0.39531250 0.01328125 0.00937500
0 0.83945313 0.37226562 0.01015625 0.01015625
0 0.68125000 0.49843750 0.02187500 0.01250000
0 0.53671875 0.47421875 0.01093750 0.01718750
0 0.63554687 0.44960937 0.01796875 0.00859375
0 0.62851563 0.25976562 0.01328125 0.01015625
0 0.63867188 0.22812500 0.01171875 0.01562500
0 0.61367187 0.19804688 0.01171875 0.00546875
0 0.56640625 0.19492187 0.00781250 0.00859375
