1 0.64379922 0.18188203 0.13134844 0.01688906
1 0.56686016 0.21331484 0.02122031 0.04537969
1 0.48438125 0.21470469 0.00938750 0.04815938
1 0.38723203 0.18069688 0.07446406 0.01139375
1 0.45631719 0.18136797 0.06575938 0.01586094
1 0.42113281 0.19575625 0.06726563 0.00401250
1 0.64123359 0.15684922 0.10121719 0.01057344
1 0.49234141 0.15296094 0.26280781 0.02467187
1 0.46143594 0.12998125 0.06349687 0.00058750
1 0.42063359 0.13104922 0.05689219 0.01209844
1 0.37838906 0.14084922 0.02865312 0.00669844
1 0.61659141 0.10946484 0.08630781 0.01267969
1 0.52225703 0.13322578 0.14451406 0.01332656
1 0.67570938 0.19229375 0.10141875 0.00646250
