1 0.64440000 0.39554531 0.16692500 0.02546563
1 0.51601172 0.37753125 0.07264844 0.01756250
1 0.46052734 0.35703906 0.14917969 0.03907812
1 0.45687422 0.41543281 0.15749844 0.04961563
1 0.45561094 0.38719141 0.13309688 0.03688281
1 0.51798125 0.41251328 0.12658750 0.02502656
1 0.60581484 0.42182344 0.04912969 0.00614688
1 0.64948984 0.42398828 0.03335469 0.00735156
1 0.68987500 0.43389297 0.04850000 0.01153594
1 0.51135156 0.42209219 0.04457812 0.01918438
1 0.58981797 0.44285937 0.20463594 0.02634375
1 0.44207656 0.43840547 0.12477813 0.05181094
