0 0.49375000 0.24375000 0.02187500 0.01875000
0 0.64531250 0.29648438 0.03125000 0.02421875
0 0.59062500 0.23789062 0.06875000 0.01953125
0 0.62773437 0.26875000 0.03984375 0.02812500
0 0.60664063 0.29296875 0.01640625 0.01093750
0 0.57890625 0.30898437 0.01406250 0.00859375
0 0.53828125 0.26914063 0.02968750 0.02578125
0 0.48515625 0.32187500 0.03281250 0.01562500
0 0.41679688 0.23046875 0.03984375 0.01718750
0 0.44687500 0.25468750 0.04375000 0.02500000
0 0.33203125 0.27695313 0.05781250 0.03515625
0 0.37109375 0.21445312 0.03281250 0.03828125
0 0.40898438 0.18007813 0.06171875 0.01640625
0 0.38750000 0.28632812 0.04687500 0.04140625
0 0.38476562 0.25117187 0.01953125 0.01171875
0 0.55937500 0.20078125 0.04687500 0.04218750
0 0.65703125 0.25859375 0.06093750 0.06093750
0 0.57851562 0.27578125 0.02890625 0.03906250
0 0.51914063 0.30625000 0.01640625 0.01250000
0 0.49726562 0.28125000 0.02265625 0.04375000
0 0.63085938 0.48984375 0.02421875 0.01718750
0 0.63554687 0.51171875 0.00859375 0.01093750
0 0.57656250 0.47851562 0.00937500 0.01015625
0 0.33671875 0.48906250 0.03281250 0.02187500
0 0.44921875 0.38085938 0.01406250 0.01171875
0 0.42734375 0.32031250 0.01093750 0.00937500
0 0.49257812 0.34882812 0.04140625 0.02890625
0 0.42851563 0.28476563 0.04140625 0.02890625
0 0.42343750 0.20585938 0.02812500 0.02109375
0 0.51406250 0.25351563 0.02812500 0.01328125
0 0.35625000 0.30507812 0.00937500 0.01015625
