0 0.24804688 0.49687500 0.02109375 0.01562500
0 0.32851562 0.66718750 0.03203125 0.02187500
0 0.33789062 0.70781250 0.03203125 0.02187500
0 0.37070313 0.67304688 0.03203125 0.01796875
0 0.30429688 0.61406250 0.05546875 0.01875000
0 0.45351562 0.39765625 0.01640625 0.01406250
0 0.45820312 0.37617187 0.01640625 0.00859375
0 0.43554688 0.44648437 0.04609375 0.02421875
0 0.58789062 0.43476562 0.01640625 0.01015625
0 0.55156250 0.43984375 0.03750000 0.01718750
0 0.60156250 0.48007813 0.02812500 0.02890625
0 0.50976562 0.41367188 0.01640625 0.01171875
0 0.53242188 0.41015625 0.01171875 0.01406250
0 0.54062500 0.49960938 0.01875000 0.01484375
0 0.53750000 0.55703125 0.01562500 0.01406250
0 0.59140625 0.50664062 0.02031250 0.01015625
0 0.31406250 0.50976562 0.01562500 0.01015625
0 0.36093750 0.39414063 0.01875000 0.01015625
0 0.41601562 0.35976562 0.04140625 0.00703125
0 0.37148437 0.47070312 0.01484375 0.01328125
0 0.34101562 0.48085937 0.01640625 0.01171875
0 0.42539063 0.67382812 0.02578125 0.01328125
0 0.25390625 0.71718750 0.01718750 0.01250000
0 0.56523437 0.65000000 0.04296875 0.02500000
0 0.58046875 0.62187500 0.02031250 0.01875000
