1 0.55236797 0.03719375 0.17661094 0.02438750
1 0.52805313 0.06924141 0.37485625 0.02910781
1 0.42615078 0.11116641 0.10230156 0.00983281
1 0.52756563 0.09108359 0.12075625 0.01966719
1 0.64544219 0.09421953 0.09400937 0.02281406
1 0.57321641 0.14504844 0.16205781 0.09322188
1 0.46372344 0.21319688 0.01494687 0.14514375
1 0.21757656 0.47177109 0.06327812 0.00916719
1 0.15263047 0.51495313 0.02088594 0.04240625
1 0.30871016 0.46403047 0.05492031 0.02493594
1 0.24127969 0.48794531 0.07943437 0.02276562
1 0.19006328 0.51783672 0.02387656 0.03879844
