0 0.40039062 0.44492188 0.02578125 0.02734375
0 0.42851563 0.42226562 0.03515625 0.01953125
0 0.43554688 0.45742187 0.01484375 0.01171875
0 0.38554688 0.36445312 0.03046875 0.01953125
0 0.38476562 0.40664062 0.01640625 0.03828125
0 0.13125000 0.35351562 0.02500000 0.01953125
0 0.15390625 0.33281250 0.03281250 0.00937500
0 0.15234375 0.37460938 0.01718750 0.01171875
0 0.17070313 0.36406250 0.03515625 0.01875000
0 0.16914062 0.40468750 0.02890625 0.01250000
0 0.13320313 0.41992188 0.03203125 0.01171875
0 0.30742188 0.44492188 0.01796875 0.00859375
0 0.33085938 0.39609375 0.01796875 0.00781250
0 0.35000000 0.38007812 0.00937500 0.01015625
0 0.31718750 0.57812500 0.02187500 0.01562500
3 0.33632812 0.59492188 0.07265625 0.05859375
0 0.17890625 0.59609375 0.02968750 0.02968750
0 0.09765625 0.40546875 0.02343750 0.01406250
0 0.09609375 0.37695312 0.02031250 0.03515625
0 0.15820312 0.38789062 0.06640625 0.01953125
0 0.11289062 0.33710937 0.03203125 0.02734375
0 0.17148437 0.43476562 0.01484375 0.01015625
0 0.12539063 0.44843750 0.01640625 0.01250000
0 0.34375000 0.69375000 0.01562500 0.00937500
