1 0.26372500 0.18434063 0.06182500 0.02493125
1 0.30851562 0.19657969 0.02953125 0.00565937
1 0.34614062 0.19799375 0.04540625 0.00848750
1 0.38214844 0.20456797 0.01742188 0.00913594
1 0.40714375 0.22036875 0.03303750 0.02198750
1 0.43938359 0.24292109 0.02876719 0.02334219
1 0.17625859 0.19156406 0.08064219 0.02687812
1 0.21517812 0.20202891 0.02098125 0.00718281
1 0.24248125 0.21135234 0.03183750 0.01332969
1 0.37209219 0.23764219 0.05043437 0.03465937
1 0.41595391 0.26287969 0.02878281 0.02263437
1 0.44634297 0.27723516 0.01143594 0.01072031
1 0.33639141 0.27831484 0.21340781 0.09100469
1 0.41786250 0.33229063 0.01072500 0.01770625
1 0.43300156 0.36713672 0.00975313 0.03427344
1 0.44060547 0.40312891 0.00621094 0.03750781
1 0.13667969 0.24414609 0.02648438 0.05079219
1 0.14861016 0.26056328 0.02534531 0.01487656
1 0.19440391 0.26221875 0.05443281 0.01193750
1 0.28888203 0.28718828 0.05588906 0.00562656
1 0.33492266 0.29743672 0.01672031 0.01049844
1 0.35170234 0.30958594 0.01902969 0.01292188
1 0.41137656 0.57289375 0.01337813 0.00828750
1 0.42079375 0.57937500 0.00721250 0.00562500
1 0.43297812 0.59126797 0.01595625 0.01691094
1 0.44270938 0.60312578 0.00416875 0.00625156
1 0.45708828 0.60686875 0.01105156 0.00436250
1 0.46729844 0.60821250 0.00959687 0.00392500
1 0.42903750 0.56284766 0.00495000 0.00069531
1 0.42110234 0.56280703 0.01095469 0.00061406
1 0.46370156 0.56275859 0.01177813 0.00989219
1 0.43235469 0.56321641 0.00220937 0.00143281
1 0.43566172 0.56546328 0.00257344 0.00280156
1 0.43762109 0.56775781 0.00336719 0.00114063
1 0.44819219 0.56998828 0.01825937 0.00247656
