0 0.61250000 0.32226562 0.05312500 0.05703125
0 0.67070312 0.35000000 0.05703125 0.05000000
0 0.27226563 0.27265625 0.02265625 0.01406250
0 0.23593750 0.28593750 0.01562500 0.00937500
0 0.23359375 0.33164063 0.01718750 0.03828125
0 0.31679687 0.47187500 0.03359375 0.01875000
3 0.42070313 0.49453125 0.08203125 0.06718750
0 0.53906250 0.44609375 0.04375000 0.03281250
0 0.50781250 0.49843750 0.05000000 0.05000000
0 0.55781250 0.49335937 0.04375000 0.03359375
0 0.63632813 0.45859375 0.06640625 0.03906250
0 0.64062500 0.42226562 0.01875000 0.01328125
0 0.71796875 0.45000000 0.01718750 0.01875000
0 0.73281250 0.48984375 0.01562500 0.02031250
0 0.65585938 0.51328125 0.04921875 0.03906250
0 0.71757812 0.52187500 0.02890625 0.01562500
0 0.62226563 0.57070312 0.06328125 0.02265625
0 0.56132812 0.53750000 0.04765625 0.02500000
0 0.31210938 0.41953125 0.01484375 0.01093750
0 0.56640625 0.70546875 0.01718750 0.01406250
0 0.57929688 0.65546875 0.01796875 0.01093750
0 0.51875000 0.70039063 0.02187500 0.01015625
0 0.47070312 0.72500000 0.02578125 0.01562500
0 0.46835938 0.74882812 0.03046875 0.01953125
0 0.50625000 0.73906250 0.02187500 0.01250000
0 0.63437500 0.71601563 0.02812500 0.01640625
0 0.62148437 0.63632813 0.00859375 0.01328125
0 0.58671875 0.42343750 0.02656250 0.01562500
0 0.55234375 0.46679688 0.02968750 0.01484375
0 0.59609375 0.48632812 0.02656250 0.02578125
0 0.68632812 0.53554687 0.01640625 0.01484375
0 0.66562500 0.58476562 0.02812500 0.01953125
0 0.43945312 0.59062500 0.05078125 0.01562500
0 0.35507813 0.46601562 0.01953125 0.02265625
0 0.27460937 0.40117188 0.01484375 0.01171875
0 0.44062500 0.46445313 0.02812500 0.01953125
0 0.49804688 0.56171875 0.02421875 0.01406250
0 0.47187500 0.52734375 0.01562500 0.01406250
0 0.46718750 0.48984375 0.01875000 0.02031250
