0 0.39453125 0.48007813 0.04218750 0.04453125
0 0.46562500 0.49062500 0.02500000 0.05000000
0 0.41328125 0.53671875 0.11406250 0.02968750
0 0.47031250 0.30546875 0.02500000 0.01406250
0 0.42109375 0.31757812 0.02656250 0.01640625
0 0.36015625 0.33437500 0.04531250 0.03750000
0 0.69218750 0.34921875 0.01562500 0.03593750
0 0.66328125 0.48398438 0.04218750 0.04296875
0 0.56250000 0.48046875 0.04062500 0.01718750
0 0.51992187 0.50039062 0.02109375 0.03203125
0 0.48867187 0.52851563 0.03671875 0.02265625
0 0.41328125 0.64570313 0.02968750 0.04453125
0 0.38281250 0.64023438 0.02187500 0.01484375
0 0.51445312 0.73906250 0.03203125 0.01875000
0 0.35156250 0.42382812 0.02812500 0.02265625
0 0.36523438 0.36406250 0.01796875 0.00937500
0 0.39218750 0.34531250 0.02187500 0.01250000
0 0.32656250 0.35234375 0.01562500 0.01093750
0 0.29882812 0.35390625 0.01328125 0.01093750
0 0.29804687 0.41250000 0.01796875 0.01562500
0 0.36093750 0.49101563 0.02187500 0.01640625
0 0.44023438 0.56953125 0.01796875 0.03281250
0 0.53906250 0.53515625 0.02187500 0.01406250
0 0.41992188 0.50312500 0.04296875 0.01875000
0 0.42851563 0.48046875 0.03828125 0.02031250
