1 0.42345469 0.31242969 0.07190937 0.01235937
1 0.38016172 0.31687188 0.09157344 0.00561875
1 0.44740156 0.28948359 0.30730312 0.02584219
1 0.41216641 0.29393750 0.02433281 0.00037500
1 0.37908203 0.29470156 0.02691406 0.00190312
1 0.46016484 0.29861875 0.07032969 0.00973750
1 0.33671797 0.30072891 0.05781094 0.00770781
1 0.54208203 0.30218281 0.09353906 0.00749063
1 0.55937187 0.32457266 0.02186875 0.00227031
1 0.53694453 0.32474844 0.02076406 0.00262187
1 0.59703047 0.33397656 0.05343594 0.01795313
