0 0.52304688 0.40625000 0.06484375 0.06875000
0 0.53046875 0.47539063 0.04531250 0.05390625
0 0.58320313 0.47656250 0.06015625 0.07187500
0 0.70117188 0.51054687 0.03359375 0.03984375
0 0.64765625 0.52851563 0.04531250 0.05390625
0 0.44335938 0.57617188 0.05546875 0.06171875
0 0.67187500 0.57734375 0.04062500 0.05781250
0 0.65859375 0.63242188 0.04843750 0.06484375
0 0.44648437 0.65312500 0.06484375 0.09375000
0 0.50273437 0.66796875 0.04296875 0.05781250
0 0.85507813 0.68437500 0.06015625 0.09062500
0 0.76718750 0.06835938 0.05312500 0.06484375
0 0.53398437 0.73320312 0.04296875 0.05078125
2 0.75078125 0.74882812 0.03906250 0.04765625
0 0.61640625 0.77695313 0.08906250 0.10078125
0 0.60234375 0.85507813 0.03593750 0.05078125
0 0.92304688 0.94375000 0.04296875 0.06875000
0 0.96914062 0.94960937 0.02890625 0.04296875
0 0.74296875 0.15234375 0.05781250 0.07968750
0 0.58945313 0.18671875 0.08203125 0.08281250
0 0.36367187 0.25820312 0.06484375 0.09765625
0 0.61875000 0.26132813 0.05312500 0.07578125
0 0.52578125 0.28398438 0.04531250 0.06171875
0 0.53007812 0.28359375 0.06015625 0.08281250
0 0.81484375 0.29687500 0.05781250 0.07187500
0 0.42734375 0.31875000 0.04531250 0.09375000
0 0.46015625 0.32148437 0.04531250 0.06484375
0 0.31054688 0.33828125 0.06484375 0.08281250
