0 0.57578125 0.31875000 0.04531250 0.09375000
0 0.54296875 0.32148437 0.04531250 0.06484375
0 0.69179687 0.33828125 0.06484375 0.08281250
0 0.47929688 0.40625000 0.06484375 0.06875000
0 0.47265625 0.47539063 0.04531250 0.05390625
0 0.41914062 0.47656250 0.06015625 0.07187500
0 0.29804687 0.51054687 0.03359375 0.03984375
0 0.35546875 0.52851563 0.04531250 0.05390625
0 0.55898437 0.57929688 0.05546875 0.06171875
0 0.33125000 0.58203125 0.04062500 0.05781250
0 0.34140625 0.63554687 0.04843750 0.06484375
0 0.55585938 0.65781250 0.06484375 0.09375000
0 0.49804688 0.67109375 0.04296875 0.05781250
0 0.14726563 0.68750000 0.06015625 0.09062500
0 0.23281250 0.06835938 0.05312500 0.06484375
0 0.46679688 0.73632812 0.04296875 0.05078125
0 0.24804688 0.74492187 0.04296875 0.06171875
0 0.38671875 0.78007812 0.08906250 0.10078125
0 0.40078125 0.85976562 0.03593750 0.05078125
0 0.07617188 0.94843750 0.04296875 0.06875000
0 0.03164062 0.95273438 0.02890625 0.04296875
0 0.25703125 0.15234375 0.05781250 0.07968750
0 0.41132812 0.18671875 0.08203125 0.08281250
0 0.63867188 0.25820312 0.06484375 0.09765625
0 0.38281250 0.26132813 0.05312500 0.07578125
0 0.47226563 0.28359375 0.06015625 0.08281250
0 0.47734375 0.28398438 0.04531250 0.06171875
0 0.18515625 0.29687500 0.05781250 0.07187500
