0 0.41875000 0.51132813 0.09062500 0.07578125
0 0.56484375 0.48398438 0.11406250 0.03984375
0 0.86914062 0.22148438 0.07578125 0.04609375
0 0.68046875 0.34179688 0.09218750 0.06796875
0 0.77187500 0.28007813 0.08125000 0.06328125
0 0.43554688 0.57617188 0.10859375 0.03359375
0 0.61367187 0.61093750 0.07109375 0.05312500
0 0.50781250 0.64257812 0.10937500 0.06640625
0 0.63437500 0.42187500 0.14687500 0.03125000
0 0.69218750 0.56054688 0.09687500 0.03984375
0 0.74804688 0.45781250 0.06796875 0.01875000
