0 0.69335938 0.31679687 0.07734375 0.06484375
0 0.63945312 0.38984375 0.04765625 0.04843750
0 0.84960938 0.31367187 0.08984375 0.08359375
0 0.58046875 0.55937500 0.11718750 0.07500000
0 0.63828125 0.48046875 0.10156250 0.06718750
0 0.74101562 0.37343750 0.06015625 0.04687500
0 0.84648437 0.36796875 0.09609375 0.07968750
0 0.87578125 0.49492188 0.13593750 0.08359375
0 0.65117187 0.81914062 0.08359375 0.09140625
0 0.79531250 0.71523437 0.15000000 0.10234375
0 0.80507812 0.59804687 0.11328125 0.06484375
0 0.57304687 0.88320312 0.06484375 0.08828125
0 0.70585937 0.88320312 0.10234375 0.08828125
