0 0.45937500 0.32148437 0.09062500 0.05546875
0 0.67304688 0.75429687 0.04296875 0.07734375
0 0.68554688 0.42031250 0.08671875 0.05625000
0 0.48398438 0.58828125 0.08671875 0.05781250
0 0.19882812 0.22929688 0.11328125 0.08671875
0 0.63125000 0.18554688 0.11875000 0.06796875
0 0.27343750 0.07734375 0.16875000 0.11718750
0 0.56679687 0.78710938 0.13046875 0.10859375
0 0.35117188 0.41992188 0.11796875 0.09296875
0 0.78671875 0.21601562 0.09218750 0.17890625
0 0.69257813 0.63085938 0.06953125 0.03359375
0 0.90390625 0.90937500 0.15156250 0.10937500
0 0.91718750 0.42343750 0.11250000 0.05625000
0 0.53593750 0.42226562 0.01250000 0.00078125
0 0.58750000 0.51445312 0.10000000 0.18828125
0 0.78281250 0.51445312 0.10625000 0.07265625
0 0.72773438 0.74531250 0.06171875 0.09375000
0 0.60273438 0.31523438 0.07734375 0.08046875
0 0.70117188 0.88671875 0.06796875 0.06406250
0 0.38632813 0.12539063 0.08203125 0.07265625
0 0.40625000 0.27773437 0.10000000 0.09296875
0 0.79375000 0.66484375 0.07187500 0.05156250
0 0.88437500 0.75078125 0.07187500 0.07656250
0 0.33867188 0.71171875 0.05859375 0.06718750
0 0.09062500 0.29648438 0.07187500 0.05546875
0 0.83867187 0.12343750 0.08359375 0.06562500
0 0.66601562 0.26875000 0.09453125 0.08437500
0 0.13398437 0.10820312 0.09609375 0.06015625
0 0.45117188 0.42617187 0.05546875 0.03671875
0 0.46171875 0.68046875 0.10781250 0.07031250
0 0.87968750 0.67148438 0.07187500 0.04921875
0 0.48242188 0.52031250 0.08359375 0.05312500
0 0.96796875 0.12968750 0.06406250 0.07812500
