0 0.27500000 0.11953125 0.05937500 0.09218750
0 0.25351563 0.20585938 0.08828125 0.08671875
0 0.35820313 0.19570313 0.09453125 0.13828125
0 0.79687500 0.23125000 0.37500000 0.18437500
0 0.58476562 0.19257812 0.26015625 0.26015625
0 0.38632813 0.41835937 0.16953125 0.26796875
0 0.59726563 0.40585938 0.18515625 0.13046875
0 0.86171875 0.48867187 0.10781250 0.10546875
0 0.49375000 0.76679688 0.16562500 0.18984375
0 0.83750000 0.81093750 0.19375000 0.16250000
0 0.70664063 0.58242187 0.16953125 0.21171875
0 0.90000000 0.66289062 0.19375000 0.16015625
0 0.65000000 0.95546875 0.35937500 0.08906250
0 0.55117187 0.57890625 0.15859375 0.21406250
0 0.96718750 0.90234375 0.05937500 0.19531250
0 0.85703125 0.39101562 0.28593750 0.09765625
0 0.20351563 0.33515625 0.17890625 0.31718750
0 0.71328125 0.85312500 0.25468750 0.29375000
0 0.40507813 0.62656250 0.24453125 0.10312500
0 0.42265625 0.90976563 0.10781250 0.07890625
0 0.07265625 0.35312500 0.08593750 0.24375000
