0 0.57617188 0.23203125 0.08359375 0.04843750
0 0.38203125 0.36328125 0.09531250 0.08593750
0 0.54414063 0.50039062 0.08828125 0.08515625
0 0.72851562 0.60898438 0.06015625 0.05859375
0 0.63906250 0.35390625 0.07187500 0.08281250
0 0.63515625 0.54101562 0.07031250 0.06328125
0 0.42460938 0.51328125 0.11796875 0.09218750
0 0.69218750 0.45976563 0.10000000 0.06953125
0 0.69726562 0.66210938 0.09140625 0.04921875
0 0.87617188 0.67929688 0.16796875 0.08359375
0 0.54179687 0.35273437 0.12421875 0.08984375
0 0.51523438 0.60898438 0.12734375 0.08984375
0 0.76054687 0.36289063 0.09296875 0.11015625
