0 0.29296875 0.67773438 0.09531250 0.13046875
0 0.62187500 0.28125000 0.07812500 0.09375000
0 0.49843750 0.42343750 0.14375000 0.14062500
0 0.89804688 0.27539062 0.06796875 0.09140625
0 0.45781250 0.71640625 0.11875000 0.14531250
0 0.28671875 0.47265625 0.13593750 0.12343750
0 0.73476562 0.30156250 0.11640625 0.10625000
0 0.76445312 0.71445313 0.15703125 0.11328125
0 0.49140625 0.53203125 0.23281250 0.12343750
0 0.40078125 0.86914062 0.20781250 0.20703125
0 0.63789063 0.79140625 0.22890625 0.29531250
0 0.95273438 0.37109375 0.07421875 0.08593750
0 0.61562500 0.41601562 0.10625000 0.11328125
