0 0.22187500 0.39062500 0.06250000 0.18750000
0 0.30546875 0.82343750 0.09531250 0.16875000
0 0.30312500 0.60195312 0.06875000 0.18515625
0 0.42421875 0.79765625 0.11718750 0.17656250
0 0.44804688 0.65429688 0.11796875 0.12421875
0 0.39218750 0.55039063 0.10625000 0.12890625
0 0.37187500 0.43320313 0.14687500 0.14140625
0 0.49882813 0.48164062 0.06953125 0.15703125
0 0.27109375 0.45156250 0.04843750 0.09687500
0 0.57343750 0.04453125 0.03750000 0.07968750
0 0.65234375 0.15468750 0.06406250 0.12812500
0 0.41523437 0.11523438 0.07421875 0.14921875
0 0.30937500 0.14453125 0.06250000 0.06093750
0 0.51015625 0.09062500 0.06093750 0.10625000
