0 0.31445312 0.18320312 0.06953125 0.03515625
0 0.81328125 0.43632813 0.06406250 0.03828125
0 0.32812500 0.27265625 0.07812500 0.03906250
0 0.47968750 0.14062500 0.08437500 0.03125000
0 0.71132812 0.33984375 0.07578125 0.05781250
0 0.84179688 0.54101562 0.06171875 0.06953125
0 0.30546875 0.38789062 0.06718750 0.05078125
0 0.39375000 0.59179688 0.05625000 0.04609375
0 0.36835937 0.68945312 0.08046875 0.03515625
0 0.43632813 0.83593750 0.05078125 0.09687500
0 0.33437500 0.77773437 0.06250000 0.02421875
0 0.28710938 0.85546875 0.09296875 0.04843750
0 0.53046875 0.63085938 0.08906250 0.08984375
0 0.60312500 0.84726563 0.14375000 0.04453125
0 0.78750000 0.61875000 0.14062500 0.10000000
0 0.88359375 0.74882812 0.14531250 0.08203125
0 0.70195312 0.40546875 0.06953125 0.04843750
0 0.95156250 0.61484375 0.09375000 0.06093750
0 0.39140625 0.85234375 0.05781250 0.03593750
0 0.38710937 0.92226562 0.04296875 0.04140625
0 0.55546875 0.70820313 0.09218750 0.05703125
