0 0.62968750 0.28007813 0.05937500 0.09140625
0 0.75195312 0.29218750 0.05703125 0.08125000
0 0.87968750 0.31054688 0.06875000 0.07421875
0 0.68671875 0.50781250 0.07343750 0.04687500
0 0.93671875 0.39882812 0.12656250 0.10078125
0 0.52695313 0.44023438 0.08828125 0.08671875
0 0.42968750 0.45117188 0.09062500 0.08359375
0 0.48046875 0.15039062 0.13593750 0.10390625
0 0.78007812 0.56601563 0.07890625 0.10078125
0 0.90546875 0.50507813 0.18593750 0.13828125
0 0.93984375 0.25820312 0.12031250 0.15703125
0 0.47031250 0.58007812 0.15937500 0.11328125
0 0.54062500 0.94101563 0.21875000 0.11640625
0 0.89804688 0.68164062 0.11171875 0.11328125
0 0.73164063 0.40703125 0.43828125 0.27656250
0 0.81367188 0.24531250 0.37109375 0.11875000
0 0.64921875 0.82070312 0.27343750 0.16015625
0 0.78085938 0.67070312 0.24296875 0.17265625
