0 0.52734375 0.28710938 0.13281250 0.25546875
0 0.26210937 0.17382812 0.15859375 0.16640625
0 0.45000000 0.40429688 0.09687500 0.09921875
0 0.42578125 0.50820312 0.17968750 0.10390625
0 0.69453125 0.48632812 0.19218750 0.32265625
0 0.15742187 0.27539062 0.03984375 0.07578125
0 0.09609375 0.05742187 0.05468750 0.09921875
0 0.20429687 0.69414062 0.10546875 0.15390625
0 0.52500000 0.61289063 0.10312500 0.13828125
0 0.48984375 0.72851562 0.10156250 0.12265625
0 0.66640625 0.90820312 0.14531250 0.18203125
0 0.83476562 0.85781250 0.15390625 0.17187500
0 0.62421875 0.72968750 0.10781250 0.14062500
0 0.51953125 0.14062500 0.28281250 0.23437500
0 0.77500000 0.34101562 0.16250000 0.13515625
0 0.23828125 0.03671875 0.08281250 0.07343750
0 0.55468750 0.90546875 0.07812500 0.18906250
