0 0.05039063 0.36406250 0.08203125 0.10625000
0 0.28671875 0.10429687 0.10781250 0.06796875
0 0.03554687 0.66406250 0.07109375 0.12187500
0 0.46562500 0.30781250 0.13125000 0.16250000
0 0.66054687 0.20703125 0.09921875 0.08281250
0 0.36250000 0.57148438 0.10625000 0.05234375
0 0.16562500 0.72304687 0.10312500 0.08046875
0 0.27578125 0.83085937 0.06093750 0.14609375
0 0.13203125 0.19453125 0.09843750 0.07343750
0 0.47578125 0.48593750 0.10468750 0.09375000
0 0.71601563 0.36054687 0.10078125 0.13671875
0 0.43085937 0.74492187 0.05859375 0.05234375
0 0.59062500 0.68164062 0.06875000 0.09765625
0 0.28476563 0.60742188 0.05703125 0.05234375
0 0.66054687 0.86953125 0.05546875 0.06093750
0 0.62695312 0.92031250 0.07265625 0.04062500
0 0.32617188 0.22070312 0.10234375 0.05078125
0 0.33437500 0.04648438 0.08125000 0.04296875
0 0.06953125 0.78750000 0.05468750 0.05312500
0 0.46718750 0.95937500 0.09687500 0.06562500
0 0.74492187 0.83867187 0.09609375 0.08046875
0 0.43437500 0.06445312 0.08125000 0.06015625
0 0.45898438 0.14921875 0.10546875 0.06718750
0 0.55625000 0.11757813 0.06875000 0.06015625
0 0.57812500 0.26718750 0.06875000 0.12812500
0 0.59882813 0.44101563 0.11328125 0.14765625
0 0.19453125 0.60429687 0.12031250 0.10859375
0 0.84257812 0.24960937 0.06640625 0.20234375
0 0.75117188 0.94726562 0.08671875 0.08515625
0 0.82187500 0.82812500 0.04062500 0.06250000
0 0.86523438 0.94296875 0.10234375 0.09218750
0 0.68203125 0.58320313 0.15468750 0.10078125
0 0.73046875 0.48320313 0.12968750 0.06328125
0 0.46992187 0.59921875 0.06171875 0.10156250
0 0.65078125 0.11484375 0.10156250 0.07656250
