0 0.33203125 0.42226562 0.11093750 0.10390625
0 0.27500000 0.74804688 0.14687500 0.16484375
0 0.44882813 0.56640625 0.12578125 0.08906250
0 0.66054687 0.63906250 0.13984375 0.12500000
0 0.45507812 0.77812500 0.12578125 0.08125000
0 0.64726562 0.83085937 0.14765625 0.09296875
0 0.30859375 0.61953125 0.12031250 0.07343750
0 0.47109375 0.67343750 0.24843750 0.10625000
0 0.62695312 0.74062500 0.07265625 0.07187500
0 0.36992188 0.81875000 0.10859375 0.06250000
0 0.64296875 0.23945312 0.06406250 0.04765625
0 0.16367187 0.88359375 0.07109375 0.04843750
0 0.79257813 0.18085937 0.05703125 0.06171875
