0 0.42304687 0.53710938 0.04921875 0.04296875
0 0.22500000 0.61796875 0.09375000 0.03906250
0 0.26289062 0.66093750 0.04140625 0.05312500
0 0.32343750 0.64296875 0.07812500 0.05468750
0 0.36679688 0.57734375 0.06796875 0.04843750
0 0.34179688 0.73437500 0.06484375 0.07187500
0 0.14453125 0.66406250 0.08593750 0.06250000
0 0.48945312 0.61250000 0.08828125 0.07187500
0 0.38398437 0.64921875 0.04921875 0.03906250
0 0.16054688 0.81289062 0.06484375 0.03515625
0 0.14843750 0.85937500 0.09375000 0.06250000
0 0.24843750 0.72734375 0.09375000 0.05468750
0 0.44335938 0.69882813 0.05234375 0.05078125
0 0.51679688 0.48828125 0.06484375 0.14218750
