0 0.28632812 0.42031250 0.14140625 0.02187500
0 0.46835938 0.35898438 0.13046875 0.09296875
0 0.36718750 0.46640625 0.11562500 0.06718750
0 0.58593750 0.45507812 0.10625000 0.04765625
0 0.30742188 0.63437500 0.08046875 0.04687500
0 0.42578125 0.58671875 0.08281250 0.03281250
0 0.48281250 0.50585938 0.10312500 0.05546875
0 0.49453125 0.55195313 0.15781250 0.04140625
0 0.30585937 0.38359375 0.10234375 0.02656250
0 0.52578125 0.27851562 0.04843750 0.05703125
0 0.37382813 0.51953125 0.07265625 0.04531250
