0 0.38593750 0.07734375 0.15000000 0.08906250
0 0.19687500 0.40351562 0.10000000 0.10390625
0 0.19765625 0.26562500 0.07968750 0.10312500
0 0.36406250 0.35859375 0.14375000 0.05781250
0 0.51132813 0.18046875 0.06640625 0.10156250
0 0.16640625 0.17773438 0.11093750 0.08359375
0 0.30000000 0.52421875 0.07812500 0.07656250
0 0.05117187 0.66132813 0.10234375 0.05078125
0 0.03671875 0.75273437 0.07343750 0.06484375
0 0.26171875 0.70507812 0.11406250 0.09140625
0 0.31679687 0.28125000 0.13359375 0.06562500
0 0.37500000 0.18437500 0.05000000 0.10625000
0 0.47500000 0.11796875 0.08750000 0.07656250
