0 0.43750000 0.11992187 0.12500000 0.08359375
0 0.51210937 0.28789063 0.11171875 0.07265625
0 0.67343750 0.28359375 0.11875000 0.07656250
0 0.89375000 0.29257813 0.14062500 0.07265625
0 0.94843750 0.18984375 0.10312500 0.07656250
0 0.78125000 0.44531250 0.17187500 0.08125000
0 0.54882812 0.39960937 0.10078125 0.07421875
0 0.75273437 0.50859375 0.11484375 0.04843750
0 0.89453125 0.53554687 0.15781250 0.10234375
0 0.95625000 0.40312500 0.08750000 0.15000000
0 0.89296875 0.40703125 0.08593750 0.08281250
0 0.72734375 0.70625000 0.13906250 0.06562500
0 0.78750000 0.60820312 0.09062500 0.06015625
0 0.93476563 0.62343750 0.12890625 0.05625000
0 0.70429688 0.63046875 0.06171875 0.04843750
0 0.42968750 0.49335937 0.09375000 0.06171875
