0 0.83281250 0.19375000 0.09687500 0.03750000
0 0.63828125 0.23515625 0.13281250 0.08281250
0 0.49765625 0.36523438 0.08281250 0.08671875
0 0.53476563 0.47578125 0.14765625 0.09843750
0 0.47109375 0.55078125 0.16718750 0.10468750
0 0.51562500 0.64492187 0.12500000 0.05546875
0 0.61796875 0.55390625 0.13281250 0.06718750
0 0.69218750 0.64726562 0.14687500 0.05390625
0 0.66875000 0.69804687 0.19062500 0.06796875
0 0.78046875 0.58007812 0.12031250 0.04453125
0 0.83164063 0.72148437 0.08515625 0.04609375
0 0.42578125 0.63554687 0.12968750 0.04921875
