0 0.37304688 0.62695312 0.06484375 0.12265625
0 0.43359375 0.57539063 0.04843750 0.06953125
0 0.45039062 0.51523438 0.04140625 0.07734375
0 0.48281250 0.64179688 0.05312500 0.09296875
0 0.50039062 0.73320312 0.11328125 0.08515625
0 0.94531250 0.78046875 0.04687500 0.09843750
0 0.64921875 0.93085938 0.14531250 0.09609375
0 0.81796875 0.54804688 0.15156250 0.25859375
0 0.64296875 0.64335937 0.24843750 0.20546875
0 0.75546875 0.87265625 0.04843750 0.07968750
0 0.33671875 0.74375000 0.17031250 0.18125000
