0 0.65000000 0.27148438 0.08437500 0.08046875
0 0.54062500 0.28984375 0.05312500 0.05156250
0 0.38632813 0.31328125 0.06953125 0.07031250
0 0.82109375 0.37539062 0.07968750 0.07265625
0 0.65937500 0.40781250 0.07187500 0.09062500
0 0.52226562 0.50000000 0.08203125 0.06250000
0 0.80078125 0.53437500 0.06718750 0.06250000
0 0.75468750 0.77500000 0.05312500 0.06250000
0 0.19453125 0.81015625 0.05781250 0.07031250
0 0.84296875 0.08945312 0.08906250 0.08515625
0 0.89765625 0.23164062 0.07656250 0.08515625
