0 0.44531250 0.24531250 0.05312500 0.05312500
0 0.39960937 0.26484375 0.03984375 0.04843750
0 0.37343750 0.31171875 0.03437500 0.03593750
0 0.71796875 0.36796875 0.04843750 0.04218750
0 0.10468750 0.62031250 0.04687500 0.03750000
0 0.13203125 0.64531250 0.04843750 0.04375000
0 0.46953125 0.72343750 0.06406250 0.05000000
0 0.37031250 0.79101562 0.05937500 0.04140625
0 0.48828125 0.15234375 0.04531250 0.03593750
0 0.34140625 0.23007812 0.04531250 0.05078125
0 0.51796875 0.23242188 0.04531250 0.04296875
