0 0.69218750 0.47265625 0.02187500 0.05468750
0 0.69882813 0.54218750 0.05078125 0.06875000
0 0.59609375 0.57343750 0.02656250 0.04375000
0 0.61757812 0.59648437 0.01953125 0.03984375
0 0.76875000 0.63046875 0.02187500 0.03593750
0 0.58515625 0.63242188 0.01406250 0.03984375
0 0.62109375 0.63476562 0.02656250 0.02890625
0 0.64492187 0.69960937 0.04296875 0.06484375
0 0.67656250 0.70703125 0.02187500 0.03593750
0 0.59882813 0.73437500 0.02890625 0.04687500
0 0.68906250 0.76445312 0.02187500 0.02890625
0 0.63828125 0.78945312 0.02656250 0.02890625
0 0.54453125 0.26054688 0.01718750 0.03984375
0 0.70117188 0.35000000 0.02421875 0.04687500
