0 0.83359375 0.55039063 0.02968750 0.01953125
0 0.72031250 0.56406250 0.03437500 0.03125000
0 0.84921875 0.56523437 0.02968750 0.02421875
0 0.80000000 0.59296875 0.03750000 0.02656250
0 0.85156250 0.59882813 0.05312500 0.03203125
0 0.58320313 0.61406250 0.03203125 0.03125000
0 0.86484375 0.62460938 0.03593750 0.02734375
0 0.88867188 0.63398438 0.02421875 0.02421875
0 0.82773438 0.64335937 0.04296875 0.03359375
0 0.77304688 0.65078125 0.04296875 0.04531250
0 0.64140625 0.66093750 0.02968750 0.03125000
0 0.72968750 0.69296875 0.03750000 0.04843750
0 0.82226562 0.71796875 0.05078125 0.03593750
0 0.59023437 0.72031250 0.03984375 0.03125000
0 0.77617187 0.72968750 0.04296875 0.03125000
0 0.69921875 0.74023438 0.02968750 0.02421875
0 0.79375000 0.74843750 0.03750000 0.03125000
0 0.71132812 0.78085938 0.03203125 0.02421875
0 0.64609375 0.81640625 0.07031250 0.04531250
0 0.68593750 0.81953125 0.03437500 0.03593750
0 0.68476563 0.87929687 0.03203125 0.02421875
0 0.46484375 0.95546875 0.04218750 0.02968750
0 0.63476562 0.87460938 0.03203125 0.03046875
0 0.66875000 0.84843750 0.03125000 0.02812500
0 0.53203125 0.79062500 0.03593750 0.02812500
0 0.82226562 0.44492188 0.04453125 0.03984375
0 0.62773437 0.74921875 0.03671875 0.04531250
0 0.61992187 0.91718750 0.03359375 0.02500000
0 0.68632812 0.92382812 0.03203125 0.02890625
0 0.76250000 0.69101563 0.03125000 0.02578125
0 0.85234375 0.66679687 0.02968750 0.03671875
