0 0.30468750 0.58476562 0.03437500 0.02890625
0 0.46601562 0.60195312 0.06640625 0.05078125
0 0.36640625 0.62187500 0.04531250 0.03125000
0 0.29609375 0.62539062 0.04218750 0.03828125
0 0.57773438 0.63945312 0.03984375 0.02890625
0 0.27851562 0.64531250 0.03203125 0.02187500
0 0.25351563 0.65117187 0.02890625 0.03359375
0 0.38164063 0.66718750 0.02890625 0.03125000
0 0.30156250 0.67109375 0.03437500 0.04218750
0 0.52812500 0.69140625 0.03437500 0.03593750
0 0.38984375 0.71601563 0.04531250 0.02890625
0 0.42539063 0.72734375 0.03203125 0.04531250
0 0.56328125 0.73867187 0.04531250 0.03359375
0 0.31796875 0.74765625 0.04531250 0.04843750
0 0.35820313 0.75468750 0.02890625 0.03125000
0 0.38320312 0.75507813 0.04765625 0.02890625
0 0.45351562 0.76875000 0.02890625 0.02187500
0 0.35000000 0.77343750 0.03437500 0.03125000
0 0.52304688 0.77343750 0.03984375 0.04062500
0 0.47148438 0.80742187 0.03984375 0.04296875
0 0.59960938 0.80742187 0.03984375 0.04296875
0 0.43437500 0.81210938 0.03750000 0.03359375
0 0.49335937 0.83632812 0.03984375 0.03828125
0 0.45703125 0.84531250 0.04531250 0.03125000
0 0.44882813 0.90546875 0.02890625 0.03593750
0 0.64101562 0.98320312 0.04765625 0.02890625
