0 0.33828125 0.25507812 0.02968750 0.03828125
0 0.81054688 0.33203125 0.04296875 0.05781250
0 0.82265625 0.44375000 0.02968750 0.04062500
0 0.61914062 0.53476563 0.03203125 0.02890625
0 0.38281250 0.58437500 0.03750000 0.05312500
0 0.83046875 0.58671875 0.04531250 0.04843750
0 0.81757813 0.62851563 0.05078125 0.05078125
0 0.54492188 0.65117187 0.04296875 0.04296875
0 0.67343750 0.67656250 0.05312500 0.07187500
0 0.81796875 0.67812500 0.06406250 0.05312500
0 0.76953125 0.68984375 0.04531250 0.05781250
0 0.62656250 0.69414062 0.03750000 0.03828125
0 0.60937500 0.76796875 0.03437500 0.04531250
0 0.32304688 0.11835938 0.04296875 0.04296875
0 0.45937500 0.12460937 0.03437500 0.03359375
0 0.40312500 0.13671875 0.03437500 0.02656250
0 0.30156250 0.15664063 0.03437500 0.03828125
0 0.42343750 0.16953125 0.03437500 0.03593750
0 0.47421875 0.18671875 0.02656250 0.03593750
0 0.53984375 0.19257812 0.02656250 0.03828125
0 0.41015625 0.21328125 0.04843750 0.03593750
