0 0.56484375 0.25351563 0.06093750 0.05078125
0 0.11367188 0.49140625 0.05859375 0.03593750
0 0.11210937 0.54218750 0.05859375 0.03125000
0 0.17070313 0.61718750 0.06953125 0.04062500
0 0.10820312 0.66328125 0.05078125 0.03593750
0 0.14921875 0.70937500 0.04218750 0.06250000
2 0.24882813 0.79960937 0.02890625 0.02421875
2 0.38710937 0.74453125 0.03046875 0.02656250
2 0.39140625 0.84921875 0.02968750 0.02656250
0 0.22968750 0.70859375 0.03750000 0.03593750
0 0.42617187 0.95820313 0.02421875 0.02890625
0 0.38046875 0.94960937 0.02656250 0.02421875
