0 0.41250000 0.30625000 0.03750000 0.03125000
0 0.49023438 0.31679687 0.03984375 0.03359375
0 0.68242187 0.58632812 0.05859375 0.03828125
0 0.37539062 0.65000000 0.05078125 0.04062500
0 0.35429688 0.71914062 0.03984375 0.03828125
0 0.66484375 0.73632812 0.02968750 0.02890625
0 0.52812500 0.77812500 0.03437500 0.03125000
0 0.63789063 0.78828125 0.05078125 0.03593750
0 0.61875000 0.08359375 0.03437500 0.02656250
0 0.44023438 0.84335938 0.03984375 0.04296875
0 0.63164062 0.87109375 0.03203125 0.02656250
0 0.66796875 0.87109375 0.02968750 0.02656250
0 0.67617187 0.90820312 0.05859375 0.02890625
0 0.47500000 0.91289062 0.09375000 0.06015625
0 0.65781250 0.94882813 0.03750000 0.02890625
0 0.46210937 0.17617188 0.04296875 0.03359375
