0 0.22929688 0.52031250 0.03984375 0.03125000
0 0.29804687 0.55000000 0.03984375 0.03125000
0 0.41484375 0.56093750 0.04843750 0.05312500
0 0.54218750 0.56992188 0.03437500 0.03359375
0 0.24453125 0.57031250 0.04531250 0.06250000
0 0.28828125 0.58398438 0.04531250 0.03359375
0 0.43242188 0.59531250 0.03984375 0.03125000
0 0.33007812 0.59804687 0.05078125 0.04296875
0 0.55546875 0.64257812 0.02968750 0.03828125
0 0.40625000 0.64843750 0.03437500 0.03125000
0 0.32656250 0.65195313 0.05312500 0.05078125
0 0.46132812 0.65429688 0.05078125 0.03359375
0 0.52070313 0.65468750 0.03203125 0.03125000
0 0.37617187 0.66328125 0.03984375 0.03593750
0 0.52148438 0.68906250 0.04296875 0.03125000
0 0.39257812 0.70625000 0.03203125 0.03125000
0 0.45507812 0.72343750 0.03203125 0.03125000
0 0.41367188 0.73632812 0.03984375 0.03828125
0 0.37812500 0.73750000 0.03750000 0.03125000
0 0.37031250 0.80156250 0.03437500 0.04062500
0 0.44179687 0.82187500 0.04296875 0.04062500
0 0.37031250 0.83867187 0.03437500 0.02421875
0 0.68671875 0.16289063 0.04843750 0.05078125
2 0.32109375 0.36601563 0.02343750 0.02265625
2 0.11953125 0.57929688 0.02343750 0.02421875
